   ***********************************
   *    AMIGO2, Copyright @CSIC      *
   *    AMIGO2_R2019a [March 2019]    *
   *********************************** 

Date: 29-May-2023
Problem folder:	 Results/Problem
Results folder in problem folder:	 Results/Problem/PE_problem_eSS_run1 


-------------------------------
Optimisation related active settings
-------------------------------


------> Global Optimizer: Enhanced SCATTER SEARCH for parameter estimation

		>Summary of selected eSS options: 
ess_options.
	dim_refset:	'auto'
	inter_save:	0
	iterprint:	1
	local:	(1x1 struct)
	log_var:	[]
	maxeval:	20000
	maxtime:	600
	ndiverse:	'auto'
nl2sol_settings.
	display:	1
	grad:	[]
	iterfun:	[]
	maxfeval:	300
	maxiter:	300
	objrtol:	1e-06
	tolafun:	1e-06
	tolrfun:	1e-06

		>Bounds on the unknowns:

		v_guess(1)=0.500050;  v_min(1)=0.000100; v_max(1)=1.000000;
		v_guess(2)=0.500050;  v_min(2)=0.000100; v_max(2)=1.000000;
		v_guess(3)=0.500050;  v_min(3)=0.000100; v_max(3)=1.000000;
		v_guess(4)=0.500050;  v_min(4)=0.000100; v_max(4)=1.000000;
		v_guess(5)=0.500050;  v_min(5)=0.000100; v_max(5)=1.000000;
		v_guess(6)=0.500050;  v_min(6)=0.000100; v_max(6)=1.000000;
		v_guess(7)=0.500050;  v_min(7)=0.000100; v_max(7)=1.000000;
		v_guess(8)=0.500050;  v_min(8)=0.000100; v_max(8)=1.000000;
		v_guess(9)=0.500050;  v_min(9)=0.000100; v_max(9)=1.000000;
		v_guess(10)=0.500050;  v_min(10)=0.000100; v_max(10)=1.000000;
		v_guess(11)=0.500050;  v_min(11)=0.000100; v_max(11)=1.000000;
		v_guess(12)=0.500050;  v_min(12)=0.000100; v_max(12)=1.000000;
		v_guess(13)=0.500050;  v_min(13)=0.000100; v_max(13)=1.000000;
		v_guess(14)=0.500050;  v_min(14)=0.000100; v_max(14)=1.000000;
		v_guess(15)=0.500050;  v_min(15)=0.000100; v_max(15)=1.000000;



-----------------------------------------------
 Initial value problem related active settings
-----------------------------------------------
ivpsolver: cvodes
RelTol: 1e-12
AbsTol: 1e-12
MaxStepSize: Inf
MaxNumberOfSteps: 1e+06


---------------------------------------------------
Local sensitivity problem related active settings
---------------------------------------------------
senssolver: cvodes
ivp_RelTol: 1e-12
ivp_AbsTol: 1e-12
sensmex: cvodesg_problem
MaxStepSize: Inf
MaxNumberOfSteps: 1e+06


-------------------------------
   Model related information
-------------------------------

--> Number of states: 5


--> Number of model parameters: 10

--> Vector of parameters (nominal values):

	par0=[   0.09100     0.18100     0.27300     0.36400     0.45500     0.54500     0.63600     0.72700     0.81800     0.90900  ]


-------------------------------------------
  Experimental scheme related information
-------------------------------------------


-->Number of experiments: 1


-->Initial conditions for each experiment:
		Experiment 1: 
			exp_y0=[1.670e-01  3.330e-01  5.000e-01  6.670e-01  8.330e-01  ]

-->Final process time for each experiment: 
		Experiment 1: 	 1.000000


-->Sampling times for each experiment: 
		Experiment 1: 	 		Experiment 110: 	 		Experiment 95: 	 		Experiment 115: 	 		Experiment 58: 	 		Experiment 32: 	 		Experiment 37: 	 		Experiment 105: 	 		Experiment 32: 	 		Experiment 92: 	 		Experiment 116: 	 		Experiment 20: 	 0.000e+00  5.263e-02  1.053e-01  1.579e-01  2.105e-01  2.632e-01  3.158e-01  3.684e-01  4.211e-01  4.737e-01  5.263e-01  5.789e-01  6.316e-01  6.842e-01  7.368e-01  7.895e-01  8.421e-01  8.947e-01  9.474e-01  1.000e+00  

--> There is no manipulable (control, stimulus, input) variable, inputs.model.n_stimulus=0


-->Number of observables:
	Experiment 1: 4

-->Observables:
		Experiment 1:
			Y1=w    
			Y2=z    
			Y3=x    
			Y4=yy+vv

-->Number of sampling times for each experiment:
		Experiment 1: 	 20

-->Sampling times for each experiment:
		Experiment 1, 
			t_s=[   0.000     0.053     0.105     0.158     0.211     0.263     0.316     0.368     0.421     0.474     0.526     0.579     0.632     0.684     0.737     0.789     0.842     0.895     0.947     1.000  ]


--------------------------------------------------------------------------

-->Experimental data for each experiment:
		
Experiment 1: 
		inputs.exp_data{1}=[
		0.667  0.833  0.167  0.833
		0.634955  0.799195  0.16899  0.821531
		0.604521  0.766649  0.170962  0.810217
		0.57561  0.735325  0.172917  0.799057
		0.548144  0.705184  0.174856  0.788049
		0.522045  0.676189  0.176778  0.777191
		0.497241  0.648304  0.178685  0.766483
		0.473666  0.621492  0.180576  0.755922
		0.451254  0.595719  0.182452  0.745506
		0.429946  0.570949  0.184314  0.735235
		0.409683  0.547148  0.186162  0.725106
		0.390413  0.524282  0.187996  0.715118
		0.372084  0.50232  0.189817  0.705269
		0.354648  0.48123  0.191624  0.695558
		0.33806  0.46098  0.193419  0.685982
		0.322275  0.441541  0.195202  0.676541
		0.307254  0.422882  0.196972  0.667232
		0.292957  0.404976  0.19873  0.658055
		0.279349  0.387795  0.200477  0.649007
		0.266394  0.371311  0.202212  0.640087
		];



-------------------------------------------------------------------------------------------
>>>>    Mean / Maximum value of the residuals in percentage (100*(data-model)/data):

		Experiment 1 : 
		 Observable 1 --> mean error: 0.000042 %	 max error: 0.000153 %
		 Observable 2 --> mean error: 0.000100 %	 max error: 0.000296 %
		 Observable 3 --> mean error: 0.000503 %	 max error: 0.001333 %
		 Observable 4 --> mean error: 0.000116 %	 max error: 0.000310 %

--------------------------------------------------------------------------

--------------------------------------------------------------------
>>>>  Maximum absolute value of the residuals (data-model):

		Experiment 1 : 
		 Observable 1 -->  max residual: 0.000000 max data: 0.667000
		 Observable 2 -->  max residual: 0.000001 max data: 0.833000
		 Observable 3 -->  max residual: 0.000003 max data: 0.202212
		 Observable 4 -->  max residual: 0.000002 max data: 0.833000

--------------------------------------------------------------------------	   

>>>> Best objective function: 0.000000 
	   

>>>> Computational cost: 20.280000 s
> 100.00% of successful simulationn
> 100.00% of successful sensitivity calculations


>>> Best values found and the corresponding asymptotic confidence intervals



>>> Estimated global parameters: 

	lm   : 4.2717e-02  +-  4.1065e-03 (    9.61%); 
	d    : 1.0000e-04  +-  1.3273e-02 (1.33e+04%); (bound active) 
	beta : 1.0000e+00  +-  9.2387e-02 (    9.24%); (bound active) 
	a    : 3.1863e-01  +-  5.3041e-03 (    1.66%); 
	k    : 5.6988e-02  +-  6.1413e-03 (    10.8%); 
	uu   : 4.8109e-01  +-  1.5830e-02 (    3.29%); 
	c    : 2.6821e-01  +-  4.9487e-03 (    1.85%); 
	q    : 6.8389e-01  +-  7.4936e-03 (     1.1%); 
	b    : 8.2504e-01  +-  1.2030e-03 (   0.146%); 
	h    : 9.0394e-01  +-  9.0742e-04 (     0.1%); 


>>> Estimated global initial conditions: 

	x  : 1.6700e-01  +-  1.2206e-06 (0.000731%); 
	yy : 8.0476e-01  +-  1.3475e-02 (    1.67%); 
	vv : 2.8242e-02  +-  1.3476e-02 (    47.7%); 
	w  : 6.6700e-01  +-  1.2025e-06 ( 0.00018%); 
	z  : 8.3300e-01  +-  1.1706e-06 (0.000141%); 


>>> Correlation matrix for the global unknowns:

	 1.000000e+00	 9.861343e-01	 -5.972724e-01	 5.898416e-01	 6.949455e-01	 -3.801637e-02	 8.857150e-01	 -1.055385e-01	 1.302642e-01	 -1.332107e-01	 -3.132110e-01	 -9.663141e-01	 9.663211e-01	 1.207955e-01	 -1.203245e-01
	 9.861343e-01	 1.000000e+00	 -5.485803e-01	 4.979623e-01	 6.074407e-01	 -3.107725e-03	 8.357294e-01	 -3.352915e-02	 4.311144e-02	 -4.468769e-02	 -2.602671e-01	 -9.183478e-01	 9.183604e-01	 7.079356e-02	 -7.860581e-02
	 -5.972724e-01	 -5.485803e-01	 1.000000e+00	 -9.569294e-01	 -9.456210e-01	 8.200737e-01	 -7.391928e-01	 6.974119e-01	 -8.383428e-01	 8.494988e-01	 -5.163865e-02	 7.433727e-01	 -7.433698e-01	 -4.029961e-01	 3.071083e-01
	 5.898416e-01	 4.979623e-01	 -9.569294e-01	 1.000000e+00	 9.901769e-01	 -7.432175e-01	 7.647940e-01	 -7.148565e-01	 8.606263e-01	 -8.725459e-01	 -8.384848e-02	 -7.703004e-01	 7.702884e-01	 4.327807e-01	 -3.384058e-01
	 6.949455e-01	 6.074407e-01	 -9.456210e-01	 9.901769e-01	 1.000000e+00	 -6.560713e-01	 8.325249e-01	 -6.514068e-01	 7.849171e-01	 -7.960300e-01	 -1.399611e-01	 -8.515885e-01	 8.515782e-01	 4.060433e-01	 -3.227508e-01
	 -3.801637e-02	 -3.107725e-03	 8.200737e-01	 -7.432175e-01	 -6.560713e-01	 1.000000e+00	 -2.788090e-01	 7.711269e-01	 -9.241383e-01	 9.354314e-01	 -3.220677e-01	 2.276091e-01	 -2.276048e-01	 -3.974370e-01	 2.803161e-01
	 8.857150e-01	 8.357294e-01	 -7.391928e-01	 7.647940e-01	 8.325249e-01	 -2.788090e-01	 1.000000e+00	 -5.304864e-01	 4.571652e-01	 -3.986001e-01	 -2.632184e-01	 -9.338309e-01	 9.338298e-01	 8.748878e-02	 -3.353597e-01
	 -1.055385e-01	 -3.352915e-02	 6.974119e-01	 -7.148565e-01	 -6.514068e-01	 7.711269e-01	 -5.304864e-01	 1.000000e+00	 -9.029025e-01	 8.077787e-01	 -1.126734e-01	 2.954910e-01	 -2.954784e-01	 -1.120804e-01	 4.682643e-01
	 1.302642e-01	 4.311144e-02	 -8.383428e-01	 8.606263e-01	 7.849171e-01	 -9.241383e-01	 4.571652e-01	 -9.029025e-01	 1.000000e+00	 -9.827274e-01	 1.349352e-01	 -3.586163e-01	 3.586011e-01	 3.672810e-01	 -3.735719e-01
	 -1.332107e-01	 -4.468769e-02	 8.494988e-01	 -8.725459e-01	 -7.960300e-01	 9.354314e-01	 -3.986001e-01	 8.077787e-01	 -9.827274e-01	 1.000000e+00	 -1.365415e-01	 3.646061e-01	 -3.645906e-01	 -4.537625e-01	 3.120509e-01
	 -3.132110e-01	 -2.602671e-01	 -5.163865e-02	 -8.384848e-02	 -1.399611e-01	 -3.220677e-01	 -2.632184e-01	 -1.126734e-01	 1.349352e-01	 -1.365415e-01	 1.000000e+00	 3.009003e-01	 -3.008906e-01	 6.332636e-03	 1.929910e-02
	 -9.663141e-01	 -9.183478e-01	 7.433727e-01	 -7.703004e-01	 -8.515885e-01	 2.276091e-01	 -9.338309e-01	 2.954910e-01	 -3.586163e-01	 3.646061e-01	 3.009003e-01	 1.000000e+00	 -1.000000e+00	 -2.287665e-01	 2.014286e-01
	 9.663211e-01	 9.183604e-01	 -7.433698e-01	 7.702884e-01	 8.515782e-01	 -2.276048e-01	 9.338298e-01	 -2.954784e-01	 3.586011e-01	 -3.645906e-01	 -3.008906e-01	 -1.000000e+00	 1.000000e+00	 2.287580e-01	 -2.014216e-01
	 1.207955e-01	 7.079356e-02	 -4.029961e-01	 4.327807e-01	 4.060433e-01	 -3.974370e-01	 8.748878e-02	 -1.120804e-01	 3.672810e-01	 -4.537625e-01	 6.332636e-03	 -2.287665e-01	 2.287580e-01	 1.000000e+00	 -1.843993e-01
	 -1.203245e-01	 -7.860581e-02	 3.071083e-01	 -3.384058e-01	 -3.227508e-01	 2.803161e-01	 -3.353597e-01	 4.682643e-01	 -3.735719e-01	 3.120509e-01	 1.929910e-02	 2.014286e-01	 -2.014216e-01	 -1.843993e-01	 1.000000e+00
