[?1h=
                                                    < M A T L A B (R) >
                                          Copyright 1984-2022 The MathWorks, Inc.
                                          R2022a (9.12.0.1884302) 64-bit (glnxa64)
                                                     February 16, 2022

 
To get started, type doc.
For product information, visit www.mathworks.com.
 


*********************************** 
     AMIGO2, Copyright @CSIC      
     AMIGO2_R2019a [March 2019]      
*********************************** 

*Date: 29-May-2023

------>Pre processing....this may take a few seconds.


------>Checking inputs....
		Problem folder has not been provided. Default: Problem
------> WARNING message

		 AMIGO_check_model: You did not specify inputs.model.exe_type, standard will be assumed

[Warning: AMIGO_check_IVPsolver: Changing ivp solver to the only option compatible with charmodelC and sbmlmodel, cvodes] 
[> In AMIGO_check_IVPsolver (line 24)
In AMIGO_check_model (line 387)
In AMIGO_Prep (line 55)
In crauste (line 103)
In run (line 91)] 
[Warning: AMIGO_check_IVPsolver: Changing sensitivities solver to, cvodes] 
[> In AMIGO_check_IVPsolver (line 31)
In AMIGO_check_model (line 387)
In AMIGO_Prep (line 55)
In crauste (line 103)
In run (line 91)] 
------> Generating C code ...


------> Mexing files....

[?1h=[?1h=[?1h=Building with 'gcc'.
[?1h=[?1h=[?1h=[?1h=[?1h=/home/soogo/ParameterEstimation.jl/benchmarks/matlab/src/AMIGO2_R2019b/Kernel/IVP_solvers/cvodes/C_src4Amigo/src/src_amigo/simulate_amigo_model.c: In function ‘simulate_amigo_model’:
/home/soogo/ParameterEstimation.jl/benchmarks/matlab/src/AMIGO2_R2019b/Kernel/IVP_solvers/cvodes/C_src4Amigo/src/src_amigo/simulate_amigo_model.c:278:11: warning: passing argument 1 of ‘mexPrintf’ from incompatible pointer type [-Wincompatible-pointer-types]
  278 | mexPrintf(stderr,"\nSolver failed at flag = CVode(cvode_mem, tout, y, &t, CV_TSTOP_RETURN);. . .\n");
      |           ^~~~~~
      |           |
      |           FILE * {aka struct _IO_FILE *}
In file included from /home/soogo/ParameterEstimation.jl/benchmarks/matlab/src/AMIGO2_R2019b/Kernel/IVP_solvers/cvodes/C_src4Amigo/include/include_amigo/simulate_amigo_model.h:4,
                 from /home/soogo/ParameterEstimation.jl/benchmarks/matlab/src/AMIGO2_R2019b/Kernel/IVP_solvers/cvodes/C_src4Amigo/src/src_amigo/simulate_amigo_model.c:1:
/local/MATLAB/R2022a/extern/include/mex.h:192:17: note: expected ‘const char *’ but argument is of type ‘FILE *’ {aka ‘struct _IO_FILE *’}
  192 |     const char *fmt, /* printf style format */
      |     ~~~~~~~~~~~~^~~

[?1h=/home/soogo/ParameterEstimation.jl/benchmarks/matlab/src/AMIGO2_R2019b/Kernel/IVP_solvers/cvodes/C_src4Amigo/src/src_interface/interface_with_matlab.c: In function ‘mexFunction’:
/home/soogo/ParameterEstimation.jl/benchmarks/matlab/src/AMIGO2_R2019b/Kernel/IVP_solvers/cvodes/C_src4Amigo/src/src_interface/interface_with_matlab.c:181:14: warning: assignment to ‘mxArray *’ {aka ‘struct mxArray_tag *’} from incompatible pointer type ‘double *’ [-Wincompatible-pointer-types]
  181 | stats_struct = mxGetPr(plhs[5]);
      |              ^

[?1h=[?1h=[?1h=/home/soogo/ParameterEstimation.jl/benchmarks/matlab/src/AMIGO2_R2019b/Kernel/IVP_solvers/cvodes/C_src4Amigo/src/src_cvodes/cvodes.c: In function ‘cvProcessError’:
/home/soogo/ParameterEstimation.jl/benchmarks/matlab/src/AMIGO2_R2019b/Kernel/IVP_solvers/cvodes/C_src4Amigo/src/src_cvodes/cvodes.c:8961:21: warning: format not a string literal and no format arguments [-Wformat-security]
 8961 |     fprintf(stderr, msg);
      |                     ^~~

[?1h=[?1h=[?1h=[?1h=[?1h=[?1h=[?1h=[?1h=[?1h=[?1h=[?1h=[?1h=[?1h=[?1h=[?1h=[?1h=[?1h=[?1h=[?1h=[?1h=[?1h=[?1h=[?1h=[?1h=[?1h=MEX completed successfully.


------>Files generated....


*********************************** 
     AMIGO2, Copyright @CSIC      
     AMIGO2_R2019a [March 2019]      
*********************************** 

*Date: 29-May-2023

------>Checking inputs....
		Problem folder has not been provided. Default: Problem
------> WARNING message

		 AMIGO_check_model: You did not specify inputs.model.exe_type, standard will be assumed

[Warning: AMIGO_check_IVPsolver: Changing ivp solver to the only option compatible with charmodelC and sbmlmodel, cvodes] 
[> In AMIGO_check_IVPsolver (line 24)
In AMIGO_check_model (line 387)
In AMIGO_PE (line 83)
In crauste (line 104)
In run (line 91)] 
[Warning: AMIGO_check_IVPsolver: Changing sensitivities solver to, cvodes] 
[> In AMIGO_check_IVPsolver (line 31)
In AMIGO_check_model (line 387)
In AMIGO_PE (line 83)
In crauste (line 104)
In run (line 91)] 


------> WARNING message

		 You have not provided the sampling times.
 		 Equidistant sampling will be assumed for experiment 1
		 Note however that you may modify your input file by adding
		 inputs.exps.t_s{iexp}

ans =

  Columns 1 through 12

    0.5000    0.5000    0.5000    0.5000    0.5000    0.5000    0.5000    0.5000    0.5000    0.5000    0.5000    0.5000

  Column 13

    0.5000

[Warning: Directory already exists.] 
[> In AMIGO_gen_obs (line 38)
In AMIGO_PE (line 128)
In crauste (line 104)
In run (line 91)] 
[Warning: Name is nonexistent or not a directory:
/home/soogo/ParameterEstimation.jl/benchmarks/matlab/src/AMIGO2_R2019b/Results/Problem/AMIGO_gen_obs_problem.m] 
[> In path (line 109)
In addpath (line 86)
In AMIGO_gen_obs (line 109)
In AMIGO_PE (line 128)
In crauste (line 104)
In run (line 91)] 

ans =

    '/home/soogo/ParameterEstimation.jl/benchmarks/matlab/src/AMIGO2_R2019b/Results/Problem/AMIGO_gen_obs_problem.m'


*************************************************************************


------>IMPORTANT!!: Most of the optimization solvers have their own
                    tunning parameters (options).
                    Defaults have been assigned in the *NLPsolver*_options
                    files. You may need to modify those settings for your
                    particular problem, specially:
                      - maximum number of function evaluations /iterations,
                      - maximum computational time


******************************************************************

  Solving the NLP problem with
		>Summary of selected eSS options: 
ess_options.
	dim_refset:	'auto'
	inter_save:	0
	iterprint:	1
	local:	(1x1 struct)
	log_var:	[]
	maxeval:	20000
	maxtime:	600
	ndiverse:	'auto'
nl2sol_settings.
	display:	1
	grad:	[]
	iterfun:	[]
	maxfeval:	300
	maxiter:	300
	objrtol:	1e-06
	tolafun:	1e-06
	tolrfun:	1e-06

		>Bounds on the unknowns:

		v_guess(1)=0.500050;  v_min(1)=0.000100;  v_max(1)=1.000000;
		v_guess(2)=0.500050;  v_min(2)=0.000100;  v_max(2)=1.000000;
		v_guess(3)=0.500050;  v_min(3)=0.000100;  v_max(3)=1.000000;
		v_guess(4)=0.500050;  v_min(4)=0.000100;  v_max(4)=1.000000;
		v_guess(5)=0.500050;  v_min(5)=0.000100;  v_max(5)=1.000000;
		v_guess(6)=0.500050;  v_min(6)=0.000100;  v_max(6)=1.000000;
		v_guess(7)=0.500050;  v_min(7)=0.000100;  v_max(7)=1.000000;
		v_guess(8)=0.500050;  v_min(8)=0.000100;  v_max(8)=1.000000;
		v_guess(9)=0.500050;  v_min(9)=0.000100;  v_max(9)=1.000000;
		v_guess(10)=0.500050;  v_min(10)=0.000100;  v_max(10)=1.000000;
		v_guess(11)=0.500050;  v_min(11)=0.000100;  v_max(11)=1.000000;
		v_guess(12)=0.500050;  v_min(12)=0.000100;  v_max(12)=1.000000;
		v_guess(13)=0.500050;  v_min(13)=0.000100;  v_max(13)=1.000000;
		v_guess(14)=0.500050;  v_min(14)=0.000100;  v_max(14)=1.000000;
		v_guess(15)=0.500050;  v_min(15)=0.000100;  v_max(15)=1.000000;
		v_guess(16)=0.500050;  v_min(16)=0.000100;  v_max(16)=1.000000;
		v_guess(17)=0.500050;  v_min(17)=0.000100;  v_max(17)=1.000000;
		v_guess(18)=0.500050;  v_min(18)=0.000100;  v_max(18)=1.000000;


------------------------------------------------------------------------------ 
 eSS R2010B - Enhanced Scatter Search    
<c> IIM-CSIC, Vigo, Spain -  email: gingproc@iim.csic.es 
------------------------------------------------------------------------------ 

Refset size automatically calculated: 14
Number of diverse solutions automatically calculated: 180


-----------------------------------------------
 Initial value problem related active settings
-----------------------------------------------
ivpsolver: cvodes
RelTol: 1e-12
AbsTol: 1e-12
MaxStepSize: Inf
MaxNumberOfSteps: 1e+06
Initial Pop: NFunEvals: 188  Bestf: 1.18062      CPUTime: 2.240000    Var: 42.8803 
Iteration: 1 NFunEvals: 398  Bestf: 0.426429      CPUTime: 2.610000    Var: 0.528857 
Call local solver: NL2SOL 
Initial point function value: 0.426429 

------------------------------------------------------------------
 This is dn2fb_ (NL2SNO v2.3)
 Authors: John Dennis, David Gay, Roy Welsch
 MEX Interface J. Currie 2012

 Problem Properties:
 # Decision Variables:       18
 # Data Points:              80
------------------------------------------------------------------

 *** SUCCESSFUL TERMINATION ***
 *** absolute function convergence ***
------------------------------------------------------------------

NL2SOL ended after 7 iteration and 154 function evaluation:
       Results: NL2SOL exited
Local solution function value: 9.91356e-08 
Number of function evaluations in the local search: 156 
CPU Time of the local search: 0.217209  seconds 

Iteration: 2 NFunEvals: 753  Bestf: 9.91356e-08      CPUTime: 3.320000    Var: 0.0500202 
Iteration: 3 NFunEvals: 954  Bestf: 9.91356e-08      CPUTime: 3.490000    Var: 0.013028 
Iteration: 4 NFunEvals: 1153  Bestf: 9.91356e-08      CPUTime: 3.890000    Var: 0.00697609 
Iteration: 5 NFunEvals: 1350  Bestf: 9.91356e-08      CPUTime: 4.420000    Var: 0.00202381 
Iteration: 6 NFunEvals: 1549  Bestf: 9.91356e-08      CPUTime: 4.920000    Var: 0.00167318 
Iteration: 7 NFunEvals: 1749  Bestf: 9.91356e-08      CPUTime: 5.400000    Var: 0.0009777 
Iteration: 8 NFunEvals: 1943  Bestf: 9.91356e-08      CPUTime: 5.860000    Var: 0.000346782 
Iteration: 9 NFunEvals: 2137  Bestf: 9.91356e-08      CPUTime: 6.310000    Var: 3.03219e-05 
Iteration: 10 NFunEvals: 2332  Bestf: 9.91356e-08      CPUTime: 6.760000    Var: 1.65853e-05 
Iteration: 11 NFunEvals: 2524  Bestf: 9.91356e-08      CPUTime: 7.210000    Var: 9.45458e-06 
Call local solver: NL2SOL 
Initial point function value: 0.002342 

------------------------------------------------------------------
 This is dn2fb_ (NL2SNO v2.3)
 Authors: John Dennis, David Gay, Roy Welsch
 MEX Interface J. Currie 2012

 Problem Properties:
 # Decision Variables:       18
 # Data Points:              80
------------------------------------------------------------------

 *** SUCCESSFUL TERMINATION ***
 *** absolute function convergence ***
------------------------------------------------------------------

NL2SOL ended after 3 iteration and 79 function evaluation:
       Results: NL2SOL exited
Local solution function value: 2.61799e-07 
Number of function evaluations in the local search: 81 
CPU Time of the local search: 0.064226  seconds 

Iteration: 12 NFunEvals: 2806  Bestf: 9.91356e-08      CPUTime: 8.080000    Var: 4.43959e-06 
Iteration: 13 NFunEvals: 2997  Bestf: 9.91356e-08      CPUTime: 8.240000    Var: 4.58387e-06 
Iteration: 14 NFunEvals: 3191  Bestf: 9.91356e-08      CPUTime: 8.370000    Var: 4.6288e-06 
Iteration: 15 NFunEvals: 3388  Bestf: 9.91356e-08      CPUTime: 8.520000    Var: 4.12767e-06 
Iteration: 16 NFunEvals: 3579  Bestf: 9.91356e-08      CPUTime: 8.650000    Var: 4.14762e-06 
Iteration: 17 NFunEvals: 3767  Bestf: 9.91356e-08      CPUTime: 8.790000    Var: 3.55022e-06 
Iteration: 18 NFunEvals: 3960  Bestf: 9.91356e-08      CPUTime: 8.950000    Var: 2.68443e-07 
Iteration: 19 NFunEvals: 4151  Bestf: 9.91356e-08      CPUTime: 9.100000    Var: 1.08489e-07 
Iteration: 20 NFunEvals: 4345  Bestf: 9.91356e-08      CPUTime: 9.240000    Var: 9.11642e-08 
Iteration: 21 NFunEvals: 4537  Bestf: 9.91356e-08      CPUTime: 9.370000    Var: 4.51427e-08 
Call local solver: NL2SOL 
Initial point function value: 0.000005 

------------------------------------------------------------------
 This is dn2fb_ (NL2SNO v2.3)
 Authors: John Dennis, David Gay, Roy Welsch
 MEX Interface J. Currie 2012

 Problem Properties:
 # Decision Variables:       18
 # Data Points:              80
------------------------------------------------------------------

 *** SUCCESSFUL TERMINATION ***
 *** absolute function convergence ***
------------------------------------------------------------------

NL2SOL ended after 1 iteration and 40 function evaluation:
       Results: NL2SOL exited
Local solution function value: 1.3058e-06 
Number of function evaluations in the local search: 42 
CPU Time of the local search: 0.032330  seconds 

Iteration: 22 NFunEvals: 4772  Bestf: 9.91356e-08      CPUTime: 9.570000    Var: 0.00304736 
Iteration: 23 NFunEvals: 4963  Bestf: 9.50553e-08      CPUTime: 9.710000    Var: 1.89432e-05 
Iteration: 24 NFunEvals: 5153  Bestf: 9.50553e-08      CPUTime: 9.840000    Var: 3.38259e-07 
Iteration: 25 NFunEvals: 5346  Bestf: 9.50553e-08      CPUTime: 9.970000    Var: 1.43888e-08 
Iteration: 26 NFunEvals: 5535  Bestf: 9.50553e-08      CPUTime: 10.110000    Var: 7.84726e-10 
Iteration: 27 NFunEvals: 5726  Bestf: 9.50553e-08      CPUTime: 10.270000    Var: 5.65331e-11 
Iteration: 28 NFunEvals: 5913  Bestf: 9.50553e-08      CPUTime: 10.510000    Var: 3.99842e-12 
Iteration: 29 NFunEvals: 6099  Bestf: 9.50553e-08      CPUTime: 10.660000    Var: 4.79305e-13 
Iteration: 30 NFunEvals: 6290  Bestf: 6.97198e-08      CPUTime: 10.800000    Var: 1.06512e-13 
Iteration: 31 NFunEvals: 6479  Bestf: 6.97198e-08      CPUTime: 10.940000    Var: 0.000195665 
Call local solver: NL2SOL 
Initial point function value: 0.000000 

------------------------------------------------------------------
 This is dn2fb_ (NL2SNO v2.3)
 Authors: John Dennis, David Gay, Roy Welsch
 MEX Interface J. Currie 2012

 Problem Properties:
 # Decision Variables:       18
 # Data Points:              80
------------------------------------------------------------------

 *** SUCCESSFUL TERMINATION ***
 *** absolute function convergence ***
------------------------------------------------------------------

NL2SOL ended after 1 iteration and 21 function evaluation:
       Results: NL2SOL exited
Local solution function value: 1.55231e-07 
Number of function evaluations in the local search: 23 
CPU Time of the local search: 0.018500  seconds 

Iteration: 32 NFunEvals: 6695  Bestf: 6.97198e-08      CPUTime: 11.160000    Var: 0.0284952 
Iteration: 33 NFunEvals: 6886  Bestf: 6.76034e-08      CPUTime: 11.290000    Var: 0.000441577 
Iteration: 34 NFunEvals: 7077  Bestf: 6.76034e-08      CPUTime: 11.420000    Var: 0.0786711 
Iteration: 35 NFunEvals: 7264  Bestf: 6.76034e-08      CPUTime: 11.550000    Var: 0.000118724 
Iteration: 36 NFunEvals: 7452  Bestf: 6.76034e-08      CPUTime: 11.680000    Var: 2.87173e-07 
Iteration: 37 NFunEvals: 7639  Bestf: 6.76034e-08      CPUTime: 11.810000    Var: 7.57661e-09 
Iteration: 38 NFunEvals: 7824  Bestf: 6.76034e-08      CPUTime: 11.940000    Var: 3.22402e-09 
Iteration: 39 NFunEvals: 8010  Bestf: 6.71717e-08      CPUTime: 12.070000    Var: 6.62571e-11 
Iteration: 40 NFunEvals: 8199  Bestf: 6.71717e-08      CPUTime: 12.200000    Var: 2.00098e-11 
Iteration: 41 NFunEvals: 8390  Bestf: 6.519e-08      CPUTime: 12.340000    Var: 3.83744e-12 
Call local solver: NL2SOL 
Initial point function value: 0.000000 

------------------------------------------------------------------
 This is dn2fb_ (NL2SNO v2.3)
 Authors: John Dennis, David Gay, Roy Welsch
 MEX Interface J. Currie 2012

 Problem Properties:
 # Decision Variables:       18
 # Data Points:              80
------------------------------------------------------------------

 *** SUCCESSFUL TERMINATION ***
 *** absolute function convergence ***
------------------------------------------------------------------

NL2SOL ended after 1 iteration and 21 function evaluation:
       Results: NL2SOL exited
Local solution function value: 7.63409e-08 
Number of function evaluations in the local search: 23 
CPU Time of the local search: 0.030016  seconds 

Iteration: 42 NFunEvals: 8608  Bestf: 6.4983e-08      CPUTime: 12.570000    Var: 0.0438307 
Iteration: 43 NFunEvals: 8799  Bestf: 6.4662e-08      CPUTime: 12.720000    Var: 0.142788 
Iteration: 44 NFunEvals: 8990  Bestf: 6.4662e-08      CPUTime: 12.850000    Var: 0.000135562 
Iteration: 45 NFunEvals: 9177  Bestf: 6.37043e-08      CPUTime: 13.090000    Var: 0.821038 
Iteration: 46 NFunEvals: 9370  Bestf: 6.37043e-08      CPUTime: 13.260000    Var: 0.118537 
Iteration: 47 NFunEvals: 9563  Bestf: 6.37043e-08      CPUTime: 13.400000    Var: 0.00756624 
Iteration: 48 NFunEvals: 9753  Bestf: 6.37043e-08      CPUTime: 13.540000    Var: 0.000531515 
Iteration: 49 NFunEvals: 9941  Bestf: 6.37043e-08      CPUTime: 13.670000    Var: 9.72811e-07 
Iteration: 50 NFunEvals: 10130  Bestf: 6.37043e-08      CPUTime: 13.790000    Var: 3.35196e-09 
Iteration: 51 NFunEvals: 10320  Bestf: 6.37043e-08      CPUTime: 14.030000    Var: 1.4146e-10 
Call local solver: NL2SOL 
Initial point function value: 0.000000 

------------------------------------------------------------------
 This is dn2fb_ (NL2SNO v2.3)
 Authors: John Dennis, David Gay, Roy Welsch
 MEX Interface J. Currie 2012

 Problem Properties:
 # Decision Variables:       18
 # Data Points:              80
------------------------------------------------------------------

 *** SUCCESSFUL TERMINATION ***
 *** absolute function convergence ***
------------------------------------------------------------------

NL2SOL ended after 1 iteration and 21 function evaluation:
       Results: NL2SOL exited
Local solution function value: 2.09834e-07 
Number of function evaluations in the local search: 23 
CPU Time of the local search: 0.018002  seconds 

Iteration: 52 NFunEvals: 10535  Bestf: 6.37043e-08      CPUTime: 14.280000    Var: 0.0706685 
Iteration: 53 NFunEvals: 10725  Bestf: 6.37043e-08      CPUTime: 14.430000    Var: 0.000356404 
Iteration: 54 NFunEvals: 10915  Bestf: 6.37043e-08      CPUTime: 14.580000    Var: 8.31107e-07 
Iteration: 55 NFunEvals: 11108  Bestf: 6.37043e-08      CPUTime: 14.730000    Var: 0.00847977 
Iteration: 56 NFunEvals: 11300  Bestf: 6.37043e-08      CPUTime: 14.870000    Var: 0.0632422 
Iteration: 57 NFunEvals: 11489  Bestf: 6.37043e-08      CPUTime: 15.000000    Var: 0.000251288 
Iteration: 58 NFunEvals: 11678  Bestf: 6.37043e-08      CPUTime: 15.140000    Var: 1.18879e-06 
Iteration: 59 NFunEvals: 11870  Bestf: 6.37043e-08      CPUTime: 15.290000    Var: 0.0508043 
Iteration: 60 NFunEvals: 12061  Bestf: 6.2992e-08      CPUTime: 15.420000    Var: 0.00232606 
Iteration: 61 NFunEvals: 12257  Bestf: 6.2992e-08      CPUTime: 15.560000    Var: 0.0125502 
Call local solver: NL2SOL 
Initial point function value: 0.087366 

------------------------------------------------------------------
 This is dn2fb_ (NL2SNO v2.3)
 Authors: John Dennis, David Gay, Roy Welsch
 MEX Interface J. Currie 2012

 Problem Properties:
 # Decision Variables:       18
 # Data Points:              80
------------------------------------------------------------------

 *** SUCCESSFUL TERMINATION ***
 *** absolute function convergence ***
------------------------------------------------------------------

NL2SOL ended after 4 iteration and 98 function evaluation:
       Results: NL2SOL exited
Local solution function value: 5.21624e-07 
Number of function evaluations in the local search: 100 
CPU Time of the local search: 0.071043  seconds 

Iteration: 62 NFunEvals: 12547  Bestf: 6.2992e-08      CPUTime: 15.860000    Var: 3.36967e-05 
Iteration: 63 NFunEvals: 12745  Bestf: 6.2992e-08      CPUTime: 15.990000    Var: 0.000109961 
Iteration: 64 NFunEvals: 12935  Bestf: 6.2992e-08      CPUTime: 16.120000    Var: 1.66994e-05 
Iteration: 65 NFunEvals: 13128  Bestf: 6.11627e-08      CPUTime: 16.260000    Var: 8.26577e-08 
Iteration: 66 NFunEvals: 13322  Bestf: 6.11627e-08      CPUTime: 16.390000    Var: 0.0358335 
Iteration: 67 NFunEvals: 13517  Bestf: 6.11627e-08      CPUTime: 16.530000    Var: 0.356975 
Iteration: 68 NFunEvals: 13708  Bestf: 6.11627e-08      CPUTime: 16.660000    Var: 0.00320273 
Iteration: 69 NFunEvals: 13898  Bestf: 6.11627e-08      CPUTime: 16.790000    Var: 3.64021e-05 
Iteration: 70 NFunEvals: 14090  Bestf: 6.11627e-08      CPUTime: 16.920000    Var: 2.19111e-07 
Iteration: 71 NFunEvals: 14279  Bestf: 6.11627e-08      CPUTime: 17.060000    Var: 1.71547e-08 
Call local solver: NL2SOL 
Initial point function value: 0.000000 

------------------------------------------------------------------
 This is dn2fb_ (NL2SNO v2.3)
 Authors: John Dennis, David Gay, Roy Welsch
 MEX Interface J. Currie 2012

 Problem Properties:
 # Decision Variables:       18
 # Data Points:              80
------------------------------------------------------------------

 *** SUCCESSFUL TERMINATION ***
 *** absolute function convergence ***
------------------------------------------------------------------

NL2SOL ended after 1 iteration and 21 function evaluation:
       Results: NL2SOL exited
Local solution function value: 8.09524e-08 
Number of function evaluations in the local search: 23 
CPU Time of the local search: 0.017853  seconds 

Iteration: 72 NFunEvals: 14495  Bestf: 6.11627e-08      CPUTime: 17.270000    Var: 5.06227e-10 
Iteration: 73 NFunEvals: 14685  Bestf: 6.11627e-08      CPUTime: 17.410000    Var: 5.39875e-13 
Iteration: 74 NFunEvals: 14872  Bestf: 6.11627e-08      CPUTime: 17.540000    Var: 1.64068e-14 
Iteration: 75 NFunEvals: 15061  Bestf: 6.07105e-08      CPUTime: 17.680000    Var: 0.00749032 
Iteration: 76 NFunEvals: 15253  Bestf: 6.07105e-08      CPUTime: 17.820000    Var: 0.0204292 
Iteration: 77 NFunEvals: 15442  Bestf: 6.07105e-08      CPUTime: 17.960000    Var: 0.101969 
Iteration: 78 NFunEvals: 15633  Bestf: 6.07105e-08      CPUTime: 18.100000    Var: 0.0226561 
Iteration: 79 NFunEvals: 15824  Bestf: 6.07105e-08      CPUTime: 18.240000    Var: 0.000104613 
Iteration: 80 NFunEvals: 16014  Bestf: 5.99916e-08      CPUTime: 18.380000    Var: 1.57904e-06 
Iteration: 81 NFunEvals: 16205  Bestf: 5.99916e-08      CPUTime: 18.530000    Var: 0.00212552 
Call local solver: NL2SOL 
Initial point function value: 0.000000 

------------------------------------------------------------------
 This is dn2fb_ (NL2SNO v2.3)
 Authors: John Dennis, David Gay, Roy Welsch
 MEX Interface J. Currie 2012

 Problem Properties:
 # Decision Variables:       18
 # Data Points:              80
------------------------------------------------------------------

 *** SUCCESSFUL TERMINATION ***
 *** absolute function convergence ***
------------------------------------------------------------------

NL2SOL ended after 1 iteration and 21 function evaluation:
       Results: NL2SOL exited
Local solution function value: 6.52518e-08 
Number of function evaluations in the local search: 23 
CPU Time of the local search: 0.018480  seconds 

Iteration: 82 NFunEvals: 16419  Bestf: 5.99916e-08      CPUTime: 18.750000    Var: 0.101748 
Iteration: 83 NFunEvals: 16606  Bestf: 5.99916e-08      CPUTime: 18.880000    Var: 0.00540318 
Iteration: 84 NFunEvals: 16799  Bestf: 5.99916e-08      CPUTime: 19.020000    Var: 0.000273309 
Iteration: 85 NFunEvals: 16988  Bestf: 5.99506e-08      CPUTime: 19.160000    Var: 4.64814e-06 
Iteration: 86 NFunEvals: 17181  Bestf: 5.94638e-08      CPUTime: 19.410000    Var: 0.00753446 
Iteration: 87 NFunEvals: 17375  Bestf: 5.94638e-08      CPUTime: 19.580000    Var: 0.00625913 
Iteration: 88 NFunEvals: 17566  Bestf: 5.94638e-08      CPUTime: 19.720000    Var: 7.21086e-05 
Iteration: 89 NFunEvals: 17754  Bestf: 5.94638e-08      CPUTime: 19.870000    Var: 4.15386e-06 
Iteration: 90 NFunEvals: 17943  Bestf: 5.94638e-08      CPUTime: 20.010000    Var: 1.70568e-07 
Iteration: 91 NFunEvals: 18132  Bestf: 5.94638e-08      CPUTime: 20.140000    Var: 8.78436e-10 
Call local solver: NL2SOL 
Initial point function value: 0.000000 

------------------------------------------------------------------
 This is dn2fb_ (NL2SNO v2.3)
 Authors: John Dennis, David Gay, Roy Welsch
 MEX Interface J. Currie 2012

 Problem Properties:
 # Decision Variables:       18
 # Data Points:              80
------------------------------------------------------------------

 *** SUCCESSFUL TERMINATION ***
 *** absolute function convergence ***
------------------------------------------------------------------

NL2SOL ended after 1 iteration and 21 function evaluation:
       Results: NL2SOL exited
Local solution function value: 6.5268e-08 
Number of function evaluations in the local search: 23 
CPU Time of the local search: 0.017268  seconds 

Iteration: 92 NFunEvals: 18346  Bestf: 5.94638e-08      CPUTime: 20.340000    Var: 8.21718e-12 
Iteration: 93 NFunEvals: 18535  Bestf: 5.94638e-08      CPUTime: 20.480000    Var: 2.78052e-13 
Iteration: 94 NFunEvals: 18724  Bestf: 5.94638e-08      CPUTime: 20.620000    Var: 0.00424449 
Iteration: 95 NFunEvals: 18913  Bestf: 5.92806e-08      CPUTime: 20.750000    Var: 0.0291489 
Iteration: 96 NFunEvals: 19107  Bestf: 5.92806e-08      CPUTime: 20.890000    Var: 1.49962 
Iteration: 97 NFunEvals: 19300  Bestf: 5.92806e-08      CPUTime: 21.030000    Var: 0.0428482 
Iteration: 98 NFunEvals: 19489  Bestf: 5.92806e-08      CPUTime: 21.160000    Var: 0.000394708 
Iteration: 99 NFunEvals: 19677  Bestf: 5.80935e-08      CPUTime: 21.300000    Var: 2.40872e-06 
Iteration: 100 NFunEvals: 19871  Bestf: 5.80935e-08      CPUTime: 21.450000    Var: 0.0130226 
Iteration: 101 NFunEvals: 20070  Bestf: 5.80935e-08      CPUTime: 21.620000    Var: 0.908132 
Call local solver: NL2SOL 
Initial point function value: 0.000041 

------------------------------------------------------------------
 This is dn2fb_ (NL2SNO v2.3)
 Authors: John Dennis, David Gay, Roy Welsch
 MEX Interface J. Currie 2012

 Problem Properties:
 # Decision Variables:       18
 # Data Points:              80
------------------------------------------------------------------

 *** SUCCESSFUL TERMINATION ***
 *** absolute function convergence ***
------------------------------------------------------------------

NL2SOL ended after 1 iteration and 40 function evaluation:
       Results: NL2SOL exited
Local solution function value: 7.88478e-08 
Number of function evaluations in the local search: 42 
CPU Time of the local search: 0.031043  seconds 


Final local refinement with: NL2SOL 
Initial point function value: 0.000000 

------------------------------------------------------------------
 This is dn2fb_ (NL2SNO v2.3)
 Authors: John Dennis, David Gay, Roy Welsch
 MEX Interface J. Currie 2012

 Problem Properties:
 # Decision Variables:       18
 # Data Points:              80
------------------------------------------------------------------

 *** SUCCESSFUL TERMINATION ***
 *** absolute function convergence ***
------------------------------------------------------------------

NL2SOL ended after 1 iteration and 21 function evaluation:
       Results: NL2SOL exited
Local solution function value: 0.000000 
Number of function evaluations in the local search: 23 
CPU Time of the local search: 0.020316  seconds 

Maximum number of function evaluations achieved
Best solution value		5.80935e-08
Decision vector
	0.0906201
	0.68412
	0.0432699
	0.0381661
	0.592377
	0.338121
	0.345762
	0.668812
	0.618178
	0.424911
	0.539742
	0.743127
	0.994783
	0.166983
	0.332931
	0.721197
	0.445789
	0.832974
CPU time		21.73
Number of function evaluations		20137
Execution of script mklJac as a function is not supported:
/home/soogo/ParameterEstimation.jl/benchmarks/matlab/src/AMIGO2_R2019b/Kernel/numericalDifferentiation/mklJac.m


------> Computing Correlation Matrix for unknowns...

---------------------------------------------------
Local sensitivity problem related active settings
---------------------------------------------------
senssolver: cvodes
ivp_RelTol: 1e-12
ivp_AbsTol: 1e-12
sens_RelTol: ~1e-12
sensmex: cvodesg_problem
MaxStepSize: Inf
MaxNumberOfSteps: 1e+06
sens_RelTol: ~1e-12

----------------------------------------------------------
------> WARNING message
		The Fisher Information Matrix is nearly singular.
----------------------------------------------------------



--------------------------------------------------------------------------
		
Experiment 1: 
		inputs.exp_data{1}=[
		0.167  0.333  1.167  0.833
		0.161765  0.336739  1.16746  0.828272
		0.15672  0.340216  1.16762  0.823484
		0.151857  0.343437  1.16748  0.818637
		0.147168  0.346407  1.16707  0.813732
		0.142649  0.349131  1.16638  0.80877
		0.138292  0.351615  1.16543  0.803752
		0.13409  0.353863  1.16423  0.798679
		0.130039  0.35588  1.16279  0.793552
		0.126132  0.357672  1.16111  0.788372
		0.122364  0.359242  1.15922  0.78314
		0.11873  0.360597  1.15711  0.777858
		0.115224  0.361739  1.1548  0.772527
		0.111842  0.362675  1.1523  0.767147
		0.108579  0.363409  1.1496  0.76172
		0.105431  0.363946  1.14673  0.756248
		0.102393  0.364289  1.14368  0.750731
		0.0994617  0.364444  1.14048  0.745171
		0.0966322  0.364416  1.13711  0.739568
		0.0939011  0.364208  1.1336  0.733925
		];



---------------------------------------------------------------------------------------------
>>>>    Mean / Maximum value of the residuals in percentage (100*(data-model)/data):

		Experiment 1 : 
		 Observable 1 -->  mean error: 0.009753 %	 max error: 0.023293 %
		 Observable 2 -->  mean error: 0.012297 %	 max error: 0.027749 %
		 Observable 3 -->  mean error: 0.001026 %	 max error: 0.001906 %
		 Observable 4 -->  mean error: 0.000813 %	 max error: 0.003131 %

--------------------------------------------------------------------------

--------------------------------------------------------------------
>>>>    Maximum absolute value of the residuals (data-model):

		Experiment 1 : 
		 Observable 1 -->  max residual: 0.000022 max data: 0.167000
		 Observable 2 -->  max residual: 0.000101 max data: 0.364444
		 Observable 3 -->  max residual: 0.000022 max data: 1.167620
		 Observable 4 -->  max residual: 0.000026 max data: 0.833000

--------------------------------------------------------------------------	   

>>>> Best objective function: 0.000000 
	   

>>>> Computational cost: 21.730000 s
> 100.00% of successful simulationn
> 100.00% of successful sensitivity calculations


>>> Best values found and the corresponding asymptotic confidence intervals



>>> Estimated global parameters: 

	muN     : 9.0620e-02  +-  1.8565e-02 (    20.5%); 
	muEE    : 6.8412e-01  +-  1.3906e-01 (    20.3%); 
	muLE    : 4.3270e-02  +-  1.7623e+01 (4.07e+04%); 
	muLL    : 3.8166e-02  +-  6.1747e+01 (1.62e+05%); 
	muM     : 5.9238e-01  +-  4.4577e+01 (7.53e+03%); 
	muP     : 3.3812e-01  +-  1.2222e+01 (3.61e+03%); 
	muPE    : 3.4576e-01  +-  8.1041e+01 (2.34e+04%); 
	muPL    : 6.6881e-01  +-  1.3701e+01 (2.05e+03%); 
	deltaNE : 6.1818e-01  +-  2.3514e-02 (     3.8%); 
	deltaEL : 4.2491e-01  +-  6.7822e-02 (      16%); 
	deltaLM : 5.3974e-01  +-  1.7476e+01 (3.24e+03%); 
	rhoE    : 7.4313e-01  +-  4.3340e-02 (    5.83%); 
	rhoP    : 9.9478e-01  +-  4.4275e+01 (4.45e+03%); 


>>> Estimated global initial conditions: 

	n : 1.6698e-01  +-  3.4561e-05 (  0.0207%); 
	e : 3.3293e-01  +-  4.0247e-05 (  0.0121%); 
	s : 7.2120e-01  +-  8.4755e+00 (1.18e+03%); 
	m : 4.4579e-01  +-  8.4755e+00 ( 1.9e+03%); 
	p : 8.3297e-01  +-  4.9094e-05 ( 0.00589%); 


>>> Correlation matrix for the global unknowns:

	 1.000000e+00	 6.045585e-01	 2.044592e-03	 -2.039315e-03	 2.013966e-03	 -2.043584e-03	 -1.993678e-03	 1.279231e-03	 -9.998555e-01	 -2.324334e-01	 1.129235e-03	 6.095345e-01	 -1.897287e-03	 -6.497452e-01	 2.249541e-02	 -6.787875e-04	 6.787884e-04	 1.060927e-03
	 6.045585e-01	 1.000000e+00	 3.607578e-05	 1.293588e-04	 -2.506354e-04	 1.996376e-03	 -8.261261e-04	 -1.680597e-02	 -6.047828e-01	 -9.114094e-01	 -3.725668e-03	 -2.438333e-01	 -3.605835e-03	 -4.047643e-01	 -4.647856e-01	 5.465377e-03	 -5.465375e-03	 -2.285894e-03
	 2.044592e-03	 3.607578e-05	 1.000000e+00	 -9.959765e-01	 9.941471e-01	 -9.845797e-01	 -9.975652e-01	 8.037646e-01	 -2.056179e-03	 8.439785e-04	 9.934973e-01	 2.125963e-03	 -9.937867e-01	 1.365549e-03	 -5.259190e-03	 -9.958323e-01	 9.958326e-01	 -3.849968e-01
	 -2.039315e-03	 1.293588e-04	 -9.959765e-01	 1.000000e+00	 -9.998281e-01	 9.956935e-01	 9.992177e-01	 -8.404632e-01	 2.050881e-03	 -1.043779e-03	 -9.996969e-01	 -2.282270e-03	 9.894835e-01	 -1.373214e-03	 5.152809e-03	 9.999780e-01	 -9.999780e-01	 3.849878e-01
	 2.013966e-03	 -2.506354e-04	 9.941471e-01	 -9.998281e-01	 1.000000e+00	 -9.969928e-01	 -9.985570e-01	 8.472027e-01	 -2.025505e-03	 1.179456e-03	 9.999743e-01	 2.371198e-03	 -9.876021e-01	 1.388332e-03	 -5.074009e-03	 -9.998288e-01	 9.998287e-01	 -3.845998e-01
	 -2.043584e-03	 1.996376e-03	 -9.845797e-01	 9.956935e-01	 -9.969928e-01	 1.000000e+00	 9.914089e-01	 -8.852110e-01	 2.055397e-03	 -3.314420e-03	 -9.973255e-01	 -4.089753e-03	 9.725638e-01	 -1.439544e-03	 3.980187e-03	 9.957858e-01	 -9.957856e-01	 4.036693e-01
	 -1.993678e-03	 -8.261261e-04	 -9.975652e-01	 9.992177e-01	 -9.985570e-01	 9.914089e-01	 1.000000e+00	 -8.183859e-01	 2.005034e-03	 1.426219e-04	 -9.982684e-01	 -1.300389e-03	 9.944246e-01	 -1.351399e-03	 5.714769e-03	 9.991528e-01	 -9.991529e-01	 3.721779e-01
	 1.279231e-03	 -1.680597e-02	 8.037646e-01	 -8.404632e-01	 8.472027e-01	 -8.852110e-01	 -8.183859e-01	 1.000000e+00	 -1.290829e-03	 2.106371e-02	 8.493159e-01	 1.775125e-02	 -7.534023e-01	 2.116102e-03	 5.277824e-03	 -8.410596e-01	 8.410586e-01	 -4.866229e-01
	 -9.998555e-01	 -6.047828e-01	 -2.056179e-03	 2.050881e-03	 -2.025505e-03	 2.055397e-03	 2.005034e-03	 -1.290829e-03	 1.000000e+00	 2.325321e-01	 -1.140394e-03	 -6.096905e-01	 1.908089e-03	 6.600980e-01	 -2.250521e-02	 6.897738e-04	 -6.897747e-04	 -1.074043e-03
	 -2.324334e-01	 -9.114094e-01	 8.439785e-04	 -1.043779e-03	 1.179456e-03	 -3.314420e-03	 1.426219e-04	 2.106371e-02	 2.325321e-01	 1.000000e+00	 4.993504e-03	 6.210401e-01	 3.589424e-03	 1.560430e-01	 5.245318e-01	 -6.899319e-03	 6.899316e-03	 3.038016e-03
	 1.129235e-03	 -3.725668e-03	 9.934973e-01	 -9.996969e-01	 9.999743e-01	 -9.973255e-01	 -9.982684e-01	 8.493159e-01	 -1.140394e-03	 4.993504e-03	 1.000000e+00	 4.741860e-03	 -9.869203e-01	 1.981477e-03	 -3.073600e-03	 -9.997328e-01	 9.997328e-01	 -3.844354e-01
	 6.095345e-01	 -2.438333e-01	 2.125963e-03	 -2.282270e-03	 2.371198e-03	 -4.089753e-03	 -1.300389e-03	 1.775125e-02	 -6.096905e-01	 6.210401e-01	 4.741860e-03	 1.000000e+00	 1.539753e-03	 -4.056041e-01	 3.712720e-01	 -5.920020e-03	 5.920018e-03	 2.924137e-03
	 -1.897287e-03	 -3.605835e-03	 -9.937867e-01	 9.894835e-01	 -9.876021e-01	 9.725638e-01	 9.944246e-01	 -7.534023e-01	 1.908089e-03	 3.589424e-03	 -9.869203e-01	 1.539753e-03	 1.000000e+00	 -1.250214e-03	 7.234931e-03	 9.893102e-01	 -9.893104e-01	 3.348186e-01
	 -6.497452e-01	 -4.047643e-01	 1.365549e-03	 -1.373214e-03	 1.388332e-03	 -1.439544e-03	 -1.351399e-03	 2.116102e-03	 6.600980e-01	 1.560430e-01	 1.981477e-03	 -4.056041e-01	 -1.250214e-03	 1.000000e+00	 -1.508691e-02	 -2.286420e-03	 2.286420e-03	 2.733456e-03
	 2.249541e-02	 -4.647856e-01	 -5.259190e-03	 5.152809e-03	 -5.074009e-03	 3.980187e-03	 5.714769e-03	 5.277824e-03	 -2.250521e-02	 5.245318e-01	 -3.073600e-03	 3.712720e-01	 7.234931e-03	 -1.508691e-02	 1.000000e+00	 2.084909e-03	 -2.084911e-03	 -7.067080e-03
	 -6.787875e-04	 5.465377e-03	 -9.958323e-01	 9.999780e-01	 -9.998288e-01	 9.957858e-01	 9.991528e-01	 -8.410596e-01	 6.897738e-04	 -6.899319e-03	 -9.997328e-01	 -5.920020e-03	 9.893102e-01	 -2.286420e-03	 2.084909e-03	 1.000000e+00	 -1.000000e+00	 3.849352e-01
	 6.787884e-04	 -5.465375e-03	 9.958326e-01	 -9.999780e-01	 9.998287e-01	 -9.957856e-01	 -9.991529e-01	 8.410586e-01	 -6.897747e-04	 6.899316e-03	 9.997328e-01	 5.920018e-03	 -9.893104e-01	 2.286420e-03	 -2.084911e-03	 -1.000000e+00	 1.000000e+00	 -3.849353e-01
	 1.060927e-03	 -2.285894e-03	 -3.849968e-01	 3.849878e-01	 -3.845998e-01	 4.036693e-01	 3.721779e-01	 -4.866229e-01	 -1.074043e-03	 3.038016e-03	 -3.844354e-01	 2.924137e-03	 3.348186e-01	 2.733456e-03	 -7.067080e-03	 3.849352e-01	 -3.849353e-01	 1.000000e+00


------>Plotting results....



------>Results (report and struct_results.mat) and plots were kept in the directory:

		/home/soogo/ParameterEstimation.jl/benchmarks/matlab/src/AMIGO2_R2019b/Results/Problem/PE_problem_eSS_run1

		Click <a href="matlab: cd('/home/soogo/ParameterEstimation.jl/benchmarks/matlab/src/AMIGO2_R2019b/Results/Problem/PE_problem_eSS_run1')">here</a> to go to the results folder or <a href="matlab: load('/home/soogo/ParameterEstimation.jl/benchmarks/matlab/src/AMIGO2_R2019b/Results/Problem/PE_problem_eSS_run1/strreport_problem_run1.mat')">here</a> to load the results.
[?1l>

CPU time: 6.14+129.94 sec	Max. resident set size: 1321600 KB	 Elapsed: 104.45 sec.
