[?1h=
                                                                                                             < M A T L A B (R) >
                                                                                                   Copyright 1984-2022 The MathWorks, Inc.
                                                                                                   R2022a (9.12.0.1884302) 64-bit (glnxa64)
                                                                                                              February 16, 2022

 
To get started, type doc.
For product information, visit www.mathworks.com.
 


*********************************** 
     AMIGO2, Copyright @CSIC      
     AMIGO2_R2019a [March 2019]      
*********************************** 

*Date: 31-May-2023

------>Pre processing....this may take a few seconds.


------>Checking inputs....
		Problem folder has not been provided. Default: Problem
------> WARNING message

		 AMIGO_check_model: You did not specify inputs.model.exe_type, standard will be assumed

[Warning: AMIGO_check_IVPsolver: Changing ivp solver to the only option compatible with charmodelC and sbmlmodel, cvodes] 
[> In AMIGO_check_IVPsolver (line 24)
In AMIGO_check_model (line 387)
In AMIGO_Prep (line 55)
In crauste_JRB (line 112)
In run (line 91)] 
[Warning: AMIGO_check_IVPsolver: Changing sensitivities solver to, cvodes] 
[> In AMIGO_check_IVPsolver (line 31)
In AMIGO_check_model (line 387)
In AMIGO_Prep (line 55)
In crauste_JRB (line 112)
In run (line 91)] 
------> Generating C code ...


------> Mexing files....

[?1h=[?1h=[?1h=Building with 'gcc'.
[?1h=[?1h=[?1h=[?1h=[?1h=/home/soogo/ParameterEstimation.jl/benchmarks/matlab/src/AMIGO2_R2019b/Kernel/IVP_solvers/cvodes/C_src4Amigo/src/src_amigo/simulate_amigo_model.c: In function ‘simulate_amigo_model’:
/home/soogo/ParameterEstimation.jl/benchmarks/matlab/src/AMIGO2_R2019b/Kernel/IVP_solvers/cvodes/C_src4Amigo/src/src_amigo/simulate_amigo_model.c:278:11: warning: passing argument 1 of ‘mexPrintf’ from incompatible pointer type [-Wincompatible-pointer-types]
  278 | mexPrintf(stderr,"\nSolver failed at flag = CVode(cvode_mem, tout, y, &t, CV_TSTOP_RETURN);. . .\n");
      |           ^~~~~~
      |           |
      |           FILE * {aka struct _IO_FILE *}
In file included from /home/soogo/ParameterEstimation.jl/benchmarks/matlab/src/AMIGO2_R2019b/Kernel/IVP_solvers/cvodes/C_src4Amigo/include/include_amigo/simulate_amigo_model.h:4,
                 from /home/soogo/ParameterEstimation.jl/benchmarks/matlab/src/AMIGO2_R2019b/Kernel/IVP_solvers/cvodes/C_src4Amigo/src/src_amigo/simulate_amigo_model.c:1:
/local/MATLAB/R2022a/extern/include/mex.h:192:17: note: expected ‘const char *’ but argument is of type ‘FILE *’ {aka ‘struct _IO_FILE *’}
  192 |     const char *fmt, /* printf style format */
      |     ~~~~~~~~~~~~^~~

[?1h=/home/soogo/ParameterEstimation.jl/benchmarks/matlab/src/AMIGO2_R2019b/Kernel/IVP_solvers/cvodes/C_src4Amigo/src/src_interface/interface_with_matlab.c: In function ‘mexFunction’:
/home/soogo/ParameterEstimation.jl/benchmarks/matlab/src/AMIGO2_R2019b/Kernel/IVP_solvers/cvodes/C_src4Amigo/src/src_interface/interface_with_matlab.c:181:14: warning: assignment to ‘mxArray *’ {aka ‘struct mxArray_tag *’} from incompatible pointer type ‘double *’ [-Wincompatible-pointer-types]
  181 | stats_struct = mxGetPr(plhs[5]);
      |              ^

[?1h=[?1h=[?1h=/home/soogo/ParameterEstimation.jl/benchmarks/matlab/src/AMIGO2_R2019b/Kernel/IVP_solvers/cvodes/C_src4Amigo/src/src_cvodes/cvodes.c: In function ‘cvProcessError’:
/home/soogo/ParameterEstimation.jl/benchmarks/matlab/src/AMIGO2_R2019b/Kernel/IVP_solvers/cvodes/C_src4Amigo/src/src_cvodes/cvodes.c:8961:21: warning: format not a string literal and no format arguments [-Wformat-security]
 8961 |     fprintf(stderr, msg);
      |                     ^~~

[?1h=[?1h=[?1h=[?1h=[?1h=[?1h=[?1h=[?1h=[?1h=[?1h=[?1h=[?1h=[?1h=[?1h=[?1h=[?1h=[?1h=[?1h=[?1h=[?1h=[?1h=[?1h=[?1h=[?1h=[?1h=MEX completed successfully.


------>Files generated....


*********************************** 
     AMIGO2, Copyright @CSIC      
     AMIGO2_R2019a [March 2019]      
*********************************** 

*Date: 31-May-2023

------>Checking inputs....
		Problem folder has not been provided. Default: Problem
------> WARNING message

		 AMIGO_check_model: You did not specify inputs.model.exe_type, standard will be assumed

[Warning: AMIGO_check_IVPsolver: Changing ivp solver to the only option compatible with charmodelC and sbmlmodel, cvodes] 
[> In AMIGO_check_IVPsolver (line 24)
In AMIGO_check_model (line 387)
In AMIGO_PE (line 83)
In crauste_JRB (line 113)
In run (line 91)] 
[Warning: AMIGO_check_IVPsolver: Changing sensitivities solver to, cvodes] 
[> In AMIGO_check_IVPsolver (line 31)
In AMIGO_check_model (line 387)
In AMIGO_PE (line 83)
In crauste_JRB (line 113)
In run (line 91)] 


------> WARNING message

		 You have not provided the sampling times.
 		 Equidistant sampling will be assumed for experiment 1
		 Note however that you may modify your input file by adding
		 inputs.exps.t_s{iexp}

ans =

    0.5000    0.5000    0.5000    0.5000    0.5000    0.5000    0.5000    0.5000    0.5000    0.5000    0.5000    0.5000    0.5000

[Warning: Directory already exists.] 
[> In AMIGO_gen_obs (line 38)
In AMIGO_PE (line 128)
In crauste_JRB (line 113)
In run (line 91)] 
[Warning: Name is nonexistent or not a directory: /home/soogo/ParameterEstimation.jl/benchmarks/matlab/src/AMIGO2_R2019b/Results/Problem/AMIGO_gen_obs_problem.m] 
[> In path (line 109)
In addpath (line 86)
In AMIGO_gen_obs (line 109)
In AMIGO_PE (line 128)
In crauste_JRB (line 113)
In run (line 91)] 

ans =

    '/home/soogo/ParameterEstimation.jl/benchmarks/matlab/src/AMIGO2_R2019b/Results/Problem/AMIGO_gen_obs_problem.m'


*************************************************************************


------>IMPORTANT!!: Most of the optimization solvers have their own
                    tunning parameters (options).
                    Defaults have been assigned in the *NLPsolver*_options
                    files. You may need to modify those settings for your
                    particular problem, specially:
                      - maximum number of function evaluations /iterations,
                      - maximum computational time


******************************************************************

  Solving the NLP problem with
		>Summary of selected eSS options: 
ess_options.
	dim_refset:	'auto'
	inter_save:	0
	iterprint:	1
	local:	(1x1 struct)
	log_var:	(1x5 double)
	maxeval:	20000
	maxtime:	600
	ndiverse:	'auto'
nl2sol_settings.
	display:	1
	grad:	[]
	iterfun:	[]
	maxfeval:	2000
	maxiter:	1000
	objrtol:	1e-10
	tolafun:	1e-10
	tolrfun:	1e-10

		>Bounds on the unknowns:

		v_guess(1)=0.500000;  v_min(1)=0.000000;  v_max(1)=1.000000;
		v_guess(2)=0.500000;  v_min(2)=0.000000;  v_max(2)=1.000000;
		v_guess(3)=0.500000;  v_min(3)=0.000000;  v_max(3)=1.000000;
		v_guess(4)=0.500000;  v_min(4)=0.000000;  v_max(4)=1.000000;
		v_guess(5)=0.500000;  v_min(5)=0.000000;  v_max(5)=1.000000;
		v_guess(6)=0.500000;  v_min(6)=0.000000;  v_max(6)=1.000000;
		v_guess(7)=0.500000;  v_min(7)=0.000000;  v_max(7)=1.000000;
		v_guess(8)=0.500000;  v_min(8)=0.000000;  v_max(8)=1.000000;
		v_guess(9)=0.500000;  v_min(9)=0.000000;  v_max(9)=1.000000;
		v_guess(10)=0.500000;  v_min(10)=0.000000;  v_max(10)=1.000000;
		v_guess(11)=0.500000;  v_min(11)=0.000000;  v_max(11)=1.000000;
		v_guess(12)=0.500000;  v_min(12)=0.000000;  v_max(12)=1.000000;
		v_guess(13)=0.500000;  v_min(13)=0.000000;  v_max(13)=1.000000;
		v_guess(14)=0.500000;  v_min(14)=0.000000;  v_max(14)=1.000000;
		v_guess(15)=0.500000;  v_min(15)=0.000000;  v_max(15)=1.000000;
		v_guess(16)=0.500000;  v_min(16)=0.000000;  v_max(16)=1.000000;
		v_guess(17)=0.500000;  v_min(17)=0.000000;  v_max(17)=1.000000;
		v_guess(18)=0.500000;  v_min(18)=0.000000;  v_max(18)=1.000000;


------------------------------------------------------------------------------ 
 eSS R2010B - Enhanced Scatter Search    
<c> IIM-CSIC, Vigo, Spain -  email: gingproc@iim.csic.es 
------------------------------------------------------------------------------ 

Refset size automatically calculated: 14
Number of diverse solutions automatically calculated: 180


-----------------------------------------------
 Initial value problem related active settings
-----------------------------------------------
ivpsolver: cvodes
RelTol: 1e-12
AbsTol: 1e-12
MaxStepSize: Inf
MaxNumberOfSteps: 1e+06
Initial Pop: NFunEvals: 188  Bestf: 0.619814      CPUTime: 1.910000    Var: 74.1092 
Iteration: 1 NFunEvals: 396  Bestf: 0.433213      CPUTime: 2.180000    Var: 0.839263 
Call local solver: NL2SOL 
Initial point function value: 0.433213 

------------------------------------------------------------------
 This is dn2fb_ (NL2SNO v2.3)
 Authors: John Dennis, David Gay, Roy Welsch
 MEX Interface J. Currie 2012

 Problem Properties:
 # Decision Variables:       18
 # Data Points:              80
------------------------------------------------------------------

 *** SUCCESSFUL TERMINATION ***
 *** absolute function convergence ***
------------------------------------------------------------------

NL2SOL ended after 66 iteration and 1286 function evaluation:
       Results: NL2SOL exited
Local solution function value: 1.99467e-10 
Number of function evaluations in the local search: 1288 
CPU Time of the local search: 1.052242  seconds 

Iteration: 2 NFunEvals: 1891  Bestf: 1.99467e-10      CPUTime: 5.080000    Var: 0.0261568 
Iteration: 3 NFunEvals: 2085  Bestf: 1.99467e-10      CPUTime: 5.530000    Var: 0.00538981 
Iteration: 4 NFunEvals: 2282  Bestf: 1.99467e-10      CPUTime: 5.970000    Var: 0.00154479 
Iteration: 5 NFunEvals: 2475  Bestf: 1.99467e-10      CPUTime: 6.450000    Var: 0.000412577 
Iteration: 6 NFunEvals: 2666  Bestf: 1.99467e-10      CPUTime: 6.880000    Var: 0.00033931 
Iteration: 7 NFunEvals: 2859  Bestf: 1.99467e-10      CPUTime: 7.130000    Var: 0.000367374 
Iteration: 8 NFunEvals: 3049  Bestf: 1.99467e-10      CPUTime: 7.260000    Var: 0.000318541 
Iteration: 9 NFunEvals: 3243  Bestf: 1.99467e-10      CPUTime: 7.410000    Var: 1.333e-05 
Iteration: 10 NFunEvals: 3438  Bestf: 1.99467e-10      CPUTime: 7.560000    Var: 2.62606e-06 
Iteration: 11 NFunEvals: 3626  Bestf: 1.99467e-10      CPUTime: 7.700000    Var: 2.15513e-06 
Call local solver: NL2SOL 
Initial point function value: 0.003382 

------------------------------------------------------------------
 This is dn2fb_ (NL2SNO v2.3)
 Authors: John Dennis, David Gay, Roy Welsch
 MEX Interface J. Currie 2012

 Problem Properties:
 # Decision Variables:       18
 # Data Points:              80
------------------------------------------------------------------

 *** SUCCESSFUL TERMINATION ***
 *** absolute function convergence ***
------------------------------------------------------------------

NL2SOL ended after 22 iteration and 449 function evaluation:
       Results: NL2SOL exited
Local solution function value: 1.99281e-10 
Number of function evaluations in the local search: 451 
CPU Time of the local search: 0.335252  seconds 

Iteration: 12 NFunEvals: 4265  Bestf: 1.99281e-10      CPUTime: 8.270000    Var: 2.41818e-06 
Iteration: 13 NFunEvals: 4452  Bestf: 1.99281e-10      CPUTime: 8.430000    Var: 2.41823e-06 
Iteration: 14 NFunEvals: 4638  Bestf: 1.99281e-10      CPUTime: 8.570000    Var: 2.00386e-06 
Iteration: 15 NFunEvals: 4826  Bestf: 1.99281e-10      CPUTime: 8.720000    Var: 2.09033e-06 
Iteration: 16 NFunEvals: 5012  Bestf: 1.99281e-10      CPUTime: 8.850000    Var: 1.6846e-06 
Iteration: 17 NFunEvals: 5202  Bestf: 1.99281e-10      CPUTime: 8.990000    Var: 1.60525e-06 
Iteration: 18 NFunEvals: 5385  Bestf: 1.99281e-10      CPUTime: 9.130000    Var: 1.65775e-06 
Iteration: 19 NFunEvals: 5571  Bestf: 1.99281e-10      CPUTime: 9.270000    Var: 1.61815e-06 
Iteration: 20 NFunEvals: 5757  Bestf: 1.99281e-10      CPUTime: 9.510000    Var: 1.03417e-06 
Iteration: 21 NFunEvals: 5948  Bestf: 1.99281e-10      CPUTime: 9.670000    Var: 7.58711e-07 
Call local solver: NL2SOL 
Initial point function value: 0.001984 

------------------------------------------------------------------
 This is dn2fb_ (NL2SNO v2.3)
 Authors: John Dennis, David Gay, Roy Welsch
 MEX Interface J. Currie 2012

 Problem Properties:
 # Decision Variables:       18
 # Data Points:              80
------------------------------------------------------------------

 *** SUCCESSFUL TERMINATION ***
 *** absolute function convergence ***
------------------------------------------------------------------

NL2SOL ended after 5 iteration and 119 function evaluation:
       Results: NL2SOL exited
Local solution function value: 1.2842e-10 
Number of function evaluations in the local search: 121 
CPU Time of the local search: 0.089090  seconds 

Iteration: 22 NFunEvals: 6256  Bestf: 1.2842e-10      CPUTime: 9.970000    Var: 0.00183713 
Iteration: 23 NFunEvals: 6444  Bestf: 1.2842e-10      CPUTime: 10.120000    Var: 0.000142731 
Iteration: 24 NFunEvals: 6633  Bestf: 1.2842e-10      CPUTime: 10.270000    Var: 3.5379e-06 
Iteration: 25 NFunEvals: 6823  Bestf: 1.2842e-10      CPUTime: 10.410000    Var: 6.6188e-07 
Iteration: 26 NFunEvals: 7011  Bestf: 1.2842e-10      CPUTime: 10.570000    Var: 6.68935e-07 
Iteration: 27 NFunEvals: 7197  Bestf: 1.2842e-10      CPUTime: 10.710000    Var: 6.71922e-07 
Iteration: 28 NFunEvals: 7385  Bestf: 1.2842e-10      CPUTime: 10.850000    Var: 6.72991e-07 
Iteration: 29 NFunEvals: 7572  Bestf: 1.2842e-10      CPUTime: 10.990000    Var: 6.77105e-07 
Iteration: 30 NFunEvals: 7760  Bestf: 1.2842e-10      CPUTime: 11.140000    Var: 0.00104599 
Iteration: 31 NFunEvals: 7949  Bestf: 1.2842e-10      CPUTime: 11.280000    Var: 3.19562e-05 
Call local solver: NL2SOL 
Initial point function value: 0.000260 

------------------------------------------------------------------
 This is dn2fb_ (NL2SNO v2.3)
 Authors: John Dennis, David Gay, Roy Welsch
 MEX Interface J. Currie 2012

 Problem Properties:
 # Decision Variables:       18
 # Data Points:              80
------------------------------------------------------------------

 *** SUCCESSFUL TERMINATION ***
 *** absolute function convergence ***
------------------------------------------------------------------

NL2SOL ended after 4 iteration and 98 function evaluation:
       Results: NL2SOL exited
Local solution function value: 1.4759e-11 
Number of function evaluations in the local search: 100 
CPU Time of the local search: 0.076248  seconds 

Iteration: 32 NFunEvals: 8242  Bestf: 1.4759e-11      CPUTime: 11.580000    Var: 0.00636067 
Iteration: 33 NFunEvals: 8439  Bestf: 1.4759e-11      CPUTime: 11.740000    Var: 0.000548156 
Iteration: 34 NFunEvals: 8627  Bestf: 1.4759e-11      CPUTime: 11.890000    Var: 3.1908e-05 
Iteration: 35 NFunEvals: 8815  Bestf: 1.4759e-11      CPUTime: 12.040000    Var: 2.3758e-06 
Iteration: 36 NFunEvals: 9001  Bestf: 1.4759e-11      CPUTime: 12.180000    Var: 1.0021e-07 
Iteration: 37 NFunEvals: 9189  Bestf: 1.4759e-11      CPUTime: 12.320000    Var: 1.65562e-08 
Iteration: 38 NFunEvals: 9378  Bestf: 1.4759e-11      CPUTime: 12.450000    Var: 1.32852e-08 
Iteration: 39 NFunEvals: 9567  Bestf: 1.4759e-11      CPUTime: 12.590000    Var: 1.33522e-08 
Iteration: 40 NFunEvals: 9756  Bestf: 1.4759e-11      CPUTime: 12.730000    Var: 1.33972e-08 
Iteration: 41 NFunEvals: 9943  Bestf: 1.4759e-11      CPUTime: 12.880000    Var: 1.34619e-08 
Call local solver: NL2SOL 
Initial point function value: 0.002864 

------------------------------------------------------------------
 This is dn2fb_ (NL2SNO v2.3)
 Authors: John Dennis, David Gay, Roy Welsch
 MEX Interface J. Currie 2012

 Problem Properties:
 # Decision Variables:       18
 # Data Points:              80
------------------------------------------------------------------

 *** SUCCESSFUL TERMINATION ***
 *** absolute function convergence ***
------------------------------------------------------------------

NL2SOL ended after 8 iteration and 174 function evaluation:
       Results: NL2SOL exited
Local solution function value: 9.97968e-11 
Number of function evaluations in the local search: 176 
CPU Time of the local search: 0.144251  seconds 

Iteration: 42 NFunEvals: 10313  Bestf: 1.4759e-11      CPUTime: 13.230000    Var: 0.00848053 
Iteration: 43 NFunEvals: 10503  Bestf: 1.4759e-11      CPUTime: 13.370000    Var: 5.786e-05 
Iteration: 44 NFunEvals: 10694  Bestf: 1.4759e-11      CPUTime: 13.540000    Var: 1.39508e-06 
Iteration: 45 NFunEvals: 10879  Bestf: 1.4759e-11      CPUTime: 13.690000    Var: 2.36881e-08 
Iteration: 46 NFunEvals: 11075  Bestf: 1.4759e-11      CPUTime: 13.840000    Var: 0.292142 
Iteration: 47 NFunEvals: 11263  Bestf: 1.4759e-11      CPUTime: 13.990000    Var: 0.000128473 
Iteration: 48 NFunEvals: 11451  Bestf: 1.4759e-11      CPUTime: 14.140000    Var: 6.11421e-07 
Iteration: 49 NFunEvals: 11638  Bestf: 1.4759e-11      CPUTime: 14.290000    Var: 6.11567e-07 
Iteration: 50 NFunEvals: 11833  Bestf: 1.4759e-11      CPUTime: 14.450000    Var: 0.00245554 
Iteration: 51 NFunEvals: 12019  Bestf: 1.4759e-11      CPUTime: 14.590000    Var: 4.42869e-05 
Call local solver: NL2SOL 
Initial point function value: 0.000001 

------------------------------------------------------------------
 This is dn2fb_ (NL2SNO v2.3)
 Authors: John Dennis, David Gay, Roy Welsch
 MEX Interface J. Currie 2012

 Problem Properties:
 # Decision Variables:       18
 # Data Points:              80
------------------------------------------------------------------

 *** SUCCESSFUL TERMINATION ***
 *** absolute function convergence ***
------------------------------------------------------------------

NL2SOL ended after 6 iteration and 138 function evaluation:
       Results: NL2SOL exited
Local solution function value: 1.35125e-10 
Number of function evaluations in the local search: 140 
CPU Time of the local search: 0.103397  seconds 

Iteration: 52 NFunEvals: 12352  Bestf: 1.4759e-11      CPUTime: 14.900000    Var: 0.00794763 
Iteration: 53 NFunEvals: 12542  Bestf: 1.4759e-11      CPUTime: 15.050000    Var: 3.63429e-05 
Iteration: 54 NFunEvals: 12733  Bestf: 1.4759e-11      CPUTime: 15.190000    Var: 3.78119e-07 
Iteration: 55 NFunEvals: 12922  Bestf: 1.4759e-11      CPUTime: 15.330000    Var: 1.91864e-08 
Iteration: 56 NFunEvals: 13112  Bestf: 1.4759e-11      CPUTime: 15.470000    Var: 1.42684e-08 
Iteration: 57 NFunEvals: 13312  Bestf: 1.4759e-11      CPUTime: 15.630000    Var: 0.0153543 
Iteration: 58 NFunEvals: 13504  Bestf: 1.4759e-11      CPUTime: 15.780000    Var: 0.000141328 
Iteration: 59 NFunEvals: 13698  Bestf: 1.4759e-11      CPUTime: 16.040000    Var: 7.91549e-06 
Iteration: 60 NFunEvals: 13889  Bestf: 1.4759e-11      CPUTime: 16.200000    Var: 0.241398 
Iteration: 61 NFunEvals: 14082  Bestf: 1.4759e-11      CPUTime: 16.350000    Var: 0.000287822 
Call local solver: NL2SOL 
Initial point function value: 0.000000 

------------------------------------------------------------------
 This is dn2fb_ (NL2SNO v2.3)
 Authors: John Dennis, David Gay, Roy Welsch
 MEX Interface J. Currie 2012

 Problem Properties:
 # Decision Variables:       18
 # Data Points:              80
------------------------------------------------------------------

 *** SUCCESSFUL TERMINATION ***
 *** absolute function convergence ***
------------------------------------------------------------------

NL2SOL ended after 3 iteration and 80 function evaluation:
       Results: NL2SOL exited
Local solution function value: 1.32161e-10 
Number of function evaluations in the local search: 82 
CPU Time of the local search: 0.060183  seconds 

Iteration: 62 NFunEvals: 14360  Bestf: 1.4759e-11      CPUTime: 16.670000    Var: 0.00366591 
Iteration: 63 NFunEvals: 14555  Bestf: 1.4759e-11      CPUTime: 16.830000    Var: 0.000245748 
Iteration: 64 NFunEvals: 14745  Bestf: 1.4759e-11      CPUTime: 16.980000    Var: 0.0158614 
Iteration: 65 NFunEvals: 14935  Bestf: 1.4759e-11      CPUTime: 17.120000    Var: 4.55905e-05 
Iteration: 66 NFunEvals: 15128  Bestf: 1.4759e-11      CPUTime: 17.260000    Var: 1.64191e-08 
Iteration: 67 NFunEvals: 15320  Bestf: 1.4759e-11      CPUTime: 17.410000    Var: 7.09055e-09 
Iteration: 68 NFunEvals: 15512  Bestf: 1.4759e-11      CPUTime: 17.560000    Var: 1.92571e-09 
Iteration: 69 NFunEvals: 15704  Bestf: 1.4759e-11      CPUTime: 17.700000    Var: 1.59696e-09 
Iteration: 70 NFunEvals: 15900  Bestf: 1.4759e-11      CPUTime: 17.840000    Var: 1.5834e-09 
Iteration: 71 NFunEvals: 16091  Bestf: 1.4759e-11      CPUTime: 18.000000    Var: 0.358132 
Call local solver: NL2SOL 
Initial point function value: 0.000464 

------------------------------------------------------------------
 This is dn2fb_ (NL2SNO v2.3)
 Authors: John Dennis, David Gay, Roy Welsch
 MEX Interface J. Currie 2012

 Problem Properties:
 # Decision Variables:       18
 # Data Points:              80
------------------------------------------------------------------

 *** SUCCESSFUL TERMINATION ***
 *** absolute function convergence ***
------------------------------------------------------------------

NL2SOL ended after 6 iteration and 136 function evaluation:
       Results: NL2SOL exited
Local solution function value: 1.05104e-10 
Number of function evaluations in the local search: 138 
CPU Time of the local search: 0.098769  seconds 

Iteration: 72 NFunEvals: 16421  Bestf: 1.4759e-11      CPUTime: 18.330000    Var: 0.000892915 
Iteration: 73 NFunEvals: 16613  Bestf: 1.4759e-11      CPUTime: 18.470000    Var: 0.0442075 
Iteration: 74 NFunEvals: 16803  Bestf: 1.4759e-11      CPUTime: 18.610000    Var: 0.000282853 
Iteration: 75 NFunEvals: 16996  Bestf: 1.4759e-11      CPUTime: 18.760000    Var: 0.00627265 
Iteration: 76 NFunEvals: 17183  Bestf: 1.4759e-11      CPUTime: 18.900000    Var: 0.000149098 
Iteration: 77 NFunEvals: 17375  Bestf: 1.4759e-11      CPUTime: 19.040000    Var: 2.08558e-07 
Iteration: 78 NFunEvals: 17568  Bestf: 1.4759e-11      CPUTime: 19.190000    Var: 1.24733e-08 
Iteration: 79 NFunEvals: 17762  Bestf: 1.4759e-11      CPUTime: 19.410000    Var: 7.60358e-11 
Iteration: 80 NFunEvals: 17955  Bestf: 1.4759e-11      CPUTime: 19.560000    Var: 4.13691e-11 
Iteration: 81 NFunEvals: 18148  Bestf: 1.4759e-11      CPUTime: 19.710000    Var: 1.11788e-11 
Call local solver: NL2SOL 
Initial point function value: 0.000000 

------------------------------------------------------------------
 This is dn2fb_ (NL2SNO v2.3)
 Authors: John Dennis, David Gay, Roy Welsch
 MEX Interface J. Currie 2012

 Problem Properties:
 # Decision Variables:       18
 # Data Points:              80
------------------------------------------------------------------

 *** SUCCESSFUL TERMINATION ***
 *** absolute function convergence ***
------------------------------------------------------------------

NL2SOL ended after 4 iteration and 100 function evaluation:
       Results: NL2SOL exited
Local solution function value: 1.46091e-10 
Number of function evaluations in the local search: 102 
CPU Time of the local search: 0.075414  seconds 

Iteration: 82 NFunEvals: 18443  Bestf: 1.4759e-11      CPUTime: 19.980000    Var: 0.0728685 
Iteration: 83 NFunEvals: 18640  Bestf: 1.4759e-11      CPUTime: 20.120000    Var: 0.000757787 
Iteration: 84 NFunEvals: 18837  Bestf: 1.4759e-11      CPUTime: 20.270000    Var: 7.90989e-06 
Iteration: 85 NFunEvals: 19030  Bestf: 1.4759e-11      CPUTime: 20.410000    Var: 1.14922e-06 
Iteration: 86 NFunEvals: 19218  Bestf: 1.4759e-11      CPUTime: 20.550000    Var: 4.81146e-09 
Iteration: 87 NFunEvals: 19410  Bestf: 1.4759e-11      CPUTime: 20.700000    Var: 0.0595332 
Iteration: 88 NFunEvals: 19605  Bestf: 1.4759e-11      CPUTime: 20.840000    Var: 0.000461526 
Iteration: 89 NFunEvals: 19798  Bestf: 1.4759e-11      CPUTime: 20.990000    Var: 0.195481 
Iteration: 90 NFunEvals: 19999  Bestf: 1.4759e-11      CPUTime: 21.140000    Var: 8.20167e-06 

Final local refinement with: NL2SOL 
Initial point function value: 0.000000 

------------------------------------------------------------------
 This is dn2fb_ (NL2SNO v2.3)
 Authors: John Dennis, David Gay, Roy Welsch
 MEX Interface J. Currie 2012

 Problem Properties:
 # Decision Variables:       18
 # Data Points:              80
------------------------------------------------------------------

 *** SUCCESSFUL TERMINATION ***
 *** absolute function convergence ***
------------------------------------------------------------------

NL2SOL ended after 1 iteration and 21 function evaluation:
       Results: NL2SOL exited
Local solution function value: 0.000000 
Number of function evaluations in the local search: 23 
CPU Time of the local search: 0.018999  seconds 

Maximum number of function evaluations achieved
Best solution value		1.4759e-11
Decision vector
	0.0709705
	0.142525
	0.505766
	0.401074
	0.257507
	0.411645
	0.0942751
	0.0287289
	0.643037
	0.714245
	0.789301
	0.857083
	0.421386
	0.167
	0.333
	0.52771
	0.63929
	0.833002
CPU time		21.16
Number of function evaluations		20024
Execution of script mklJac as a function is not supported:
/home/soogo/ParameterEstimation.jl/benchmarks/matlab/src/AMIGO2_R2019b/Kernel/numericalDifferentiation/mklJac.m


------> Computing Correlation Matrix for unknowns...

---------------------------------------------------
Local sensitivity problem related active settings
---------------------------------------------------
senssolver: cvodes
ivp_RelTol: 1e-12
ivp_AbsTol: 1e-12
sens_RelTol: ~1e-12
sensmex: cvodesg_problem
MaxStepSize: Inf
MaxNumberOfSteps: 1e+06
sens_RelTol: ~1e-12

----------------------------------------------------------
------> WARNING message
		The Fisher Information Matrix is nearly singular.
----------------------------------------------------------



--------------------------------------------------------------------------
		
Experiment 1: 
		inputs.exp_data{1}=[
		0.167  0.333  1.167  0.833
		0.161765  0.336739  1.16746  0.828272
		0.15672  0.340216  1.16762  0.823484
		0.151857  0.343437  1.16748  0.818637
		0.147168  0.346407  1.16707  0.813732
		0.142649  0.349131  1.16638  0.80877
		0.138292  0.351615  1.16543  0.803752
		0.13409  0.353863  1.16423  0.798679
		0.130039  0.35588  1.16279  0.793552
		0.126132  0.357672  1.16111  0.788372
		0.122364  0.359242  1.15922  0.78314
		0.11873  0.360597  1.15711  0.777858
		0.115224  0.361739  1.1548  0.772527
		0.111842  0.362675  1.1523  0.767147
		0.108579  0.363409  1.1496  0.76172
		0.105431  0.363946  1.14673  0.756248
		0.102393  0.364289  1.14368  0.750731
		0.0994617  0.364444  1.14048  0.745171
		0.0966322  0.364416  1.13711  0.739568
		0.0939011  0.364208  1.1336  0.733925
		];



---------------------------------------------------------------------------------------------
>>>>    Mean / Maximum value of the residuals in percentage (100*(data-model)/data):

		Experiment 1 : 
		 Observable 1 -->  mean error: 0.000010 %	 max error: 0.000034 %
		 Observable 2 -->  mean error: 0.000012 %	 max error: 0.000036 %
		 Observable 3 -->  mean error: 0.000030 %	 max error: 0.000065 %
		 Observable 4 -->  mean error: 0.000082 %	 max error: 0.000222 %

--------------------------------------------------------------------------

--------------------------------------------------------------------
>>>>    Maximum absolute value of the residuals (data-model):

		Experiment 1 : 
		 Observable 1 -->  max residual: 0.000000 max data: 0.167000
		 Observable 2 -->  max residual: 0.000000 max data: 0.364444
		 Observable 3 -->  max residual: 0.000001 max data: 1.167620
		 Observable 4 -->  max residual: 0.000002 max data: 0.833000

--------------------------------------------------------------------------	   

>>>> Best objective function: 0.000000 
	   

>>>> Computational cost: 21.160000 s
> 100.00% of successful simulationn
> 100.00% of successful sensitivity calculations


>>> Best values found and the corresponding asymptotic confidence intervals



>>> Estimated global parameters: 

	muN     : 7.0970e-02  +-  2.9577e-04 (   0.417%); 
	muEE    : 1.4253e-01  +-  2.2133e-03 (    1.55%); 
	muLE    : 5.0577e-01  +-  7.5634e-01 (     150%); 
	muLL    : 4.0107e-01  +-  3.8570e-02 (    9.62%); 
	muM     : 2.5751e-01  +-  2.2601e-01 (    87.8%); 
	muP     : 4.1165e-01  +-  3.6042e-03 (   0.876%); 
	muPE    : 9.4275e-02  +-  9.5611e-02 (     101%); 
	muPL    : 2.8729e-02  +-  8.1232e-02 (     283%); 
	deltaNE : 6.4304e-01  +-  3.7461e-04 (  0.0583%); 
	deltaEL : 7.1424e-01  +-  1.0805e-03 (   0.151%); 
	deltaLM : 7.8930e-01  +-  1.8664e-01 (    23.6%); 
	rhoE    : 8.5708e-01  +-  6.9005e-04 (  0.0805%); 
	rhoP    : 4.2139e-01  +-  9.4571e-02 (    22.4%); 


>>> Estimated global initial conditions: 

	n : 1.6700e-01  +-  5.5088e-07 ( 0.00033%); 
	e : 3.3300e-01  +-  6.3724e-07 (0.000191%); 
	s : 5.2771e-01  +-  6.0500e-02 (    11.5%); 
	m : 6.3929e-01  +-  6.0500e-02 (    9.46%); 
	p : 8.3300e-01  +-  7.3462e-07 (8.82e-05%); 


>>> Correlation matrix for the global unknowns:

	 1.000000e+00	 6.058233e-01	 5.837028e-04	 -6.318707e-03	 -5.481400e-04	 -1.689388e-03	 -1.236232e-03	 -1.276790e-03	 -9.998554e-01	 -2.344051e-01	 -6.073968e-04	 6.069348e-01	 -1.209631e-03	 -6.496654e-01	 2.640948e-02	 2.790355e-03	 -2.790343e-03	 1.886260e-03
	 6.058233e-01	 1.000000e+00	 -1.414832e-03	 -1.923604e-02	 1.935858e-03	 1.836743e-02	 1.987946e-02	 1.450697e-02	 -6.060537e-01	 -9.115904e-01	 -6.906204e-03	 -2.455160e-01	 1.715467e-02	 -4.058334e-01	 -4.627652e-01	 1.760367e-02	 -1.760362e-02	 -1.824070e-03
	 5.837028e-04	 -1.414832e-03	 1.000000e+00	 -9.897919e-01	 -9.994763e-01	 -7.092139e-01	 -6.295440e-01	 -8.212267e-01	 -5.605548e-04	 1.912339e-03	 9.972879e-01	 1.866128e-03	 -7.550066e-01	 3.012776e-03	 -1.320642e-03	 -9.632120e-01	 9.632137e-01	 -2.329952e-03
	 -6.318707e-03	 -1.923604e-02	 -9.897919e-01	 1.000000e+00	 9.937674e-01	 6.897432e-01	 6.197047e-01	 8.092302e-01	 6.298169e-03	 2.054919e-02	 -9.971803e-01	 1.176075e-02	 7.442130e-01	 7.821678e-04	 1.291137e-02	 9.904868e-01	 -9.904875e-01	 2.433962e-03
	 -5.481400e-04	 1.935858e-03	 -9.994763e-01	 9.937674e-01	 1.000000e+00	 7.061807e-01	 6.285839e-01	 8.200782e-01	 5.249597e-04	 -2.536649e-03	 -9.991422e-01	 -2.345822e-03	 7.540352e-01	 -3.056378e-03	 1.011185e-03	 9.713884e-01	 -9.713900e-01	 2.342950e-03
	 -1.689388e-03	 1.836743e-02	 -7.092139e-01	 6.897432e-01	 7.061807e-01	 1.000000e+00	 9.810291e-01	 9.762967e-01	 1.680632e-03	 -2.276180e-02	 -7.013625e-01	 -1.898059e-02	 9.879687e-01	 -2.757473e-03	 -9.137460e-03	 6.612517e-01	 -6.612535e-01	 3.984616e-01
	 -1.236232e-03	 1.987946e-02	 -6.295440e-01	 6.197047e-01	 6.285839e-01	 9.810291e-01	 1.000000e+00	 9.602674e-01	 1.226658e-03	 -2.493818e-02	 -6.265220e-01	 -2.103019e-02	 9.847233e-01	 -2.848538e-03	 -7.614207e-03	 6.014269e-01	 -6.014282e-01	 3.741272e-01
	 -1.276790e-03	 1.450697e-02	 -8.212267e-01	 8.092302e-01	 8.200782e-01	 9.762967e-01	 9.602674e-01	 1.000000e+00	 1.261757e-03	 -1.832271e-02	 -8.174522e-01	 -1.566636e-02	 9.941558e-01	 -3.063965e-03	 -4.873037e-03	 7.852391e-01	 -7.852407e-01	 2.786896e-01
	 -9.998554e-01	 -6.060537e-01	 -5.605548e-04	 6.298169e-03	 5.249597e-04	 1.680632e-03	 1.226658e-03	 1.261757e-03	 1.000000e+00	 2.345072e-01	 6.310657e-04	 -6.070925e-01	 1.196642e-03	 6.600232e-01	 -2.642139e-02	 -2.814352e-03	 2.814339e-03	 -1.905243e-03
	 -2.344051e-01	 -9.115904e-01	 1.912339e-03	 2.054919e-02	 -2.536649e-03	 -2.276180e-02	 -2.493818e-02	 -1.832271e-02	 2.345072e-01	 1.000000e+00	 8.055697e-03	 6.220547e-01	 -2.153071e-02	 1.574946e-01	 5.238647e-01	 -2.008209e-02	 2.008204e-02	 2.764827e-03
	 -6.073968e-04	 -6.906204e-03	 9.972879e-01	 -9.971803e-01	 -9.991422e-01	 -7.013625e-01	 -6.265220e-01	 -8.174522e-01	 6.310657e-04	 8.055697e-03	 1.000000e+00	 5.894027e-03	 -7.517504e-01	 3.852509e-03	 1.858332e-03	 -9.803613e-01	 9.803626e-01	 -2.342813e-03
	 6.069348e-01	 -2.455160e-01	 1.866128e-03	 1.176075e-02	 -2.345822e-03	 -1.898059e-02	 -2.103019e-02	 -1.566636e-02	 -6.070925e-01	 6.220547e-01	 5.894027e-03	 1.000000e+00	 -1.819658e-02	 -4.039153e-01	 3.744955e-01	 -1.388438e-02	 1.388434e-02	 3.213288e-03
	 -1.209631e-03	 1.715467e-02	 -7.550066e-01	 7.442130e-01	 7.540352e-01	 9.879687e-01	 9.847233e-01	 9.941558e-01	 1.196642e-03	 -2.153071e-02	 -7.517504e-01	 -1.819658e-02	 1.000000e+00	 -3.062609e-03	 -6.325442e-03	 7.226773e-01	 -7.226788e-01	 3.209959e-01
	 -6.496654e-01	 -4.058334e-01	 3.012776e-03	 7.821678e-04	 -3.056378e-03	 -2.757473e-03	 -2.848538e-03	 -3.063965e-03	 6.600232e-01	 1.574946e-01	 3.852509e-03	 -4.039153e-01	 -3.062609e-03	 1.000000e+00	 -1.768754e-02	 -5.332610e-03	 5.332603e-03	 3.562582e-03
	 2.640948e-02	 -4.627652e-01	 -1.320642e-03	 1.291137e-02	 1.011185e-03	 -9.137460e-03	 -7.614207e-03	 -4.873037e-03	 -2.642139e-02	 5.238647e-01	 1.858332e-03	 3.744955e-01	 -6.325442e-03	 -1.768754e-02	 1.000000e+00	 -8.231198e-03	 8.231167e-03	 -1.127294e-02
	 2.790355e-03	 1.760367e-02	 -9.632120e-01	 9.904868e-01	 9.713884e-01	 6.612517e-01	 6.014269e-01	 7.852391e-01	 -2.814352e-03	 -2.008209e-02	 -9.803613e-01	 -1.388438e-02	 7.226773e-01	 -5.332610e-03	 -8.231198e-03	 1.000000e+00	 -1.000000e+00	 2.324473e-03
	 -2.790343e-03	 -1.760362e-02	 9.632137e-01	 -9.904875e-01	 -9.713900e-01	 -6.612535e-01	 -6.014282e-01	 -7.852407e-01	 2.814339e-03	 2.008204e-02	 9.803626e-01	 1.388434e-02	 -7.226788e-01	 5.332603e-03	 8.231167e-03	 -1.000000e+00	 1.000000e+00	 -2.324475e-03
	 1.886260e-03	 -1.824070e-03	 -2.329952e-03	 2.433962e-03	 2.342950e-03	 3.984616e-01	 3.741272e-01	 2.786896e-01	 -1.905243e-03	 2.764827e-03	 -2.342813e-03	 3.213288e-03	 3.209959e-01	 3.562582e-03	 -1.127294e-02	 2.324473e-03	 -2.324475e-03	 1.000000e+00


------>Plotting results....



------>Results (report and struct_results.mat) and plots were kept in the directory:

		/home/soogo/ParameterEstimation.jl/benchmarks/matlab/src/AMIGO2_R2019b/Results/Problem/PE_problem_eSS_run1

		Click <a href="matlab: cd('/home/soogo/ParameterEstimation.jl/benchmarks/matlab/src/AMIGO2_R2019b/Results/Problem/PE_problem_eSS_run1')">here</a> to go to the results folder or <a href="matlab: load('/home/soogo/ParameterEstimation.jl/benchmarks/matlab/src/AMIGO2_R2019b/Results/Problem/PE_problem_eSS_run1/strreport_problem_run1.mat')">here</a> to load the results.
[?1l>

CPU time: 6.84+114.87 sec	Max. resident set size: 1432824 KB	 Elapsed: 87.45 sec.
