[?1h=
                                                    < M A T L A B (R) >
                                          Copyright 1984-2022 The MathWorks, Inc.
                                          R2022a (9.12.0.1884302) 64-bit (glnxa64)
                                                     February 16, 2022

 
To get started, type doc.
For product information, visit www.mathworks.com.
 


*********************************** 
     AMIGO2, Copyright @CSIC      
     AMIGO2_R2019a [March 2019]      
*********************************** 

*Date: 29-May-2023

------>Pre processing....this may take a few seconds.


------>Checking inputs....
		Problem folder has not been provided. Default: Problem
------> WARNING message

		 AMIGO_check_model: You did not specify inputs.model.exe_type, standard will be assumed

[Warning: AMIGO_check_IVPsolver: Changing ivp solver to the only option compatible with charmodelC and sbmlmodel, cvodes] 
[> In AMIGO_check_IVPsolver (line 24)
In AMIGO_check_model (line 387)
In AMIGO_Prep (line 55)
In HIV (line 99)
In run (line 91)] 
[Warning: AMIGO_check_IVPsolver: Changing sensitivities solver to, cvodes] 
[> In AMIGO_check_IVPsolver (line 31)
In AMIGO_check_model (line 387)
In AMIGO_Prep (line 55)
In HIV (line 99)
In run (line 91)] 
------> Generating C code ...


------> Mexing files....

[?1h=[?1h=[?1h=Building with 'gcc'.
[?1h=[?1h=[?1h=[?1h=[?1h=/home/soogo/ParameterEstimation.jl/benchmarks/matlab/src/AMIGO2_R2019b/Kernel/IVP_solvers/cvodes/C_src4Amigo/src/src_amigo/simulate_amigo_model.c: In function ‘simulate_amigo_model’:
/home/soogo/ParameterEstimation.jl/benchmarks/matlab/src/AMIGO2_R2019b/Kernel/IVP_solvers/cvodes/C_src4Amigo/src/src_amigo/simulate_amigo_model.c:278:11: warning: passing argument 1 of ‘mexPrintf’ from incompatible pointer type [-Wincompatible-pointer-types]
  278 | mexPrintf(stderr,"\nSolver failed at flag = CVode(cvode_mem, tout, y, &t, CV_TSTOP_RETURN);. . .\n");
      |           ^~~~~~
      |           |
      |           FILE * {aka struct _IO_FILE *}
In file included from /home/soogo/ParameterEstimation.jl/benchmarks/matlab/src/AMIGO2_R2019b/Kernel/IVP_solvers/cvodes/C_src4Amigo/include/include_amigo/simulate_amigo_model.h:4,
                 from /home/soogo/ParameterEstimation.jl/benchmarks/matlab/src/AMIGO2_R2019b/Kernel/IVP_solvers/cvodes/C_src4Amigo/src/src_amigo/simulate_amigo_model.c:1:
/local/MATLAB/R2022a/extern/include/mex.h:192:17: note: expected ‘const char *’ but argument is of type ‘FILE *’ {aka ‘struct _IO_FILE *’}
  192 |     const char *fmt, /* printf style format */
      |     ~~~~~~~~~~~~^~~

[?1h=/home/soogo/ParameterEstimation.jl/benchmarks/matlab/src/AMIGO2_R2019b/Kernel/IVP_solvers/cvodes/C_src4Amigo/src/src_interface/interface_with_matlab.c: In function ‘mexFunction’:
/home/soogo/ParameterEstimation.jl/benchmarks/matlab/src/AMIGO2_R2019b/Kernel/IVP_solvers/cvodes/C_src4Amigo/src/src_interface/interface_with_matlab.c:181:14: warning: assignment to ‘mxArray *’ {aka ‘struct mxArray_tag *’} from incompatible pointer type ‘double *’ [-Wincompatible-pointer-types]
  181 | stats_struct = mxGetPr(plhs[5]);
      |              ^

[?1h=[?1h=[?1h=/home/soogo/ParameterEstimation.jl/benchmarks/matlab/src/AMIGO2_R2019b/Kernel/IVP_solvers/cvodes/C_src4Amigo/src/src_cvodes/cvodes.c: In function ‘cvProcessError’:
/home/soogo/ParameterEstimation.jl/benchmarks/matlab/src/AMIGO2_R2019b/Kernel/IVP_solvers/cvodes/C_src4Amigo/src/src_cvodes/cvodes.c:8961:21: warning: format not a string literal and no format arguments [-Wformat-security]
 8961 |     fprintf(stderr, msg);
      |                     ^~~

[?1h=[?1h=[?1h=[?1h=[?1h=[?1h=[?1h=[?1h=[?1h=[?1h=[?1h=[?1h=[?1h=[?1h=[?1h=[?1h=[?1h=[?1h=[?1h=[?1h=[?1h=[?1h=[?1h=[?1h=[?1h=MEX completed successfully.


------>Files generated....


*********************************** 
     AMIGO2, Copyright @CSIC      
     AMIGO2_R2019a [March 2019]      
*********************************** 

*Date: 29-May-2023

------>Checking inputs....
		Problem folder has not been provided. Default: Problem
------> WARNING message

		 AMIGO_check_model: You did not specify inputs.model.exe_type, standard will be assumed

[Warning: AMIGO_check_IVPsolver: Changing ivp solver to the only option compatible with charmodelC and sbmlmodel, cvodes] 
[> In AMIGO_check_IVPsolver (line 24)
In AMIGO_check_model (line 387)
In AMIGO_PE (line 83)
In HIV (line 100)
In run (line 91)] 
[Warning: AMIGO_check_IVPsolver: Changing sensitivities solver to, cvodes] 
[> In AMIGO_check_IVPsolver (line 31)
In AMIGO_check_model (line 387)
In AMIGO_PE (line 83)
In HIV (line 100)
In run (line 91)] 


------> WARNING message

		 You have not provided the sampling times.
 		 Equidistant sampling will be assumed for experiment 1
		 Note however that you may modify your input file by adding
		 inputs.exps.t_s{iexp}

ans =

    0.5000    0.5000    0.5000    0.5000    0.5000    0.5000    0.5000    0.5000    0.5000    0.5000

[Warning: Directory already exists.] 
[> In AMIGO_gen_obs (line 38)
In AMIGO_PE (line 128)
In HIV (line 100)
In run (line 91)] 
[Warning: Name is nonexistent or not a directory:
/home/soogo/ParameterEstimation.jl/benchmarks/matlab/src/AMIGO2_R2019b/Results/Problem/AMIGO_gen_obs_problem.m] 
[> In path (line 109)
In addpath (line 86)
In AMIGO_gen_obs (line 109)
In AMIGO_PE (line 128)
In HIV (line 100)
In run (line 91)] 

ans =

    '/home/soogo/ParameterEstimation.jl/benchmarks/matlab/src/AMIGO2_R2019b/Results/Problem/AMIGO_gen_obs_problem.m'


*************************************************************************


------>IMPORTANT!!: Most of the optimization solvers have their own
                    tunning parameters (options).
                    Defaults have been assigned in the *NLPsolver*_options
                    files. You may need to modify those settings for your
                    particular problem, specially:
                      - maximum number of function evaluations /iterations,
                      - maximum computational time


******************************************************************

  Solving the NLP problem with
		>Summary of selected eSS options: 
ess_options.
	dim_refset:	'auto'
	inter_save:	0
	iterprint:	1
	local:	(1x1 struct)
	log_var:	[]
	maxeval:	20000
	maxtime:	600
	ndiverse:	'auto'
nl2sol_settings.
	display:	1
	grad:	[]
	iterfun:	[]
	maxfeval:	300
	maxiter:	300
	objrtol:	1e-06
	tolafun:	1e-06
	tolrfun:	1e-06

		>Bounds on the unknowns:

		v_guess(1)=0.500050;  v_min(1)=0.000100;  v_max(1)=1.000000;
		v_guess(2)=0.500050;  v_min(2)=0.000100;  v_max(2)=1.000000;
		v_guess(3)=0.500050;  v_min(3)=0.000100;  v_max(3)=1.000000;
		v_guess(4)=0.500050;  v_min(4)=0.000100;  v_max(4)=1.000000;
		v_guess(5)=0.500050;  v_min(5)=0.000100;  v_max(5)=1.000000;
		v_guess(6)=0.500050;  v_min(6)=0.000100;  v_max(6)=1.000000;
		v_guess(7)=0.500050;  v_min(7)=0.000100;  v_max(7)=1.000000;
		v_guess(8)=0.500050;  v_min(8)=0.000100;  v_max(8)=1.000000;
		v_guess(9)=0.500050;  v_min(9)=0.000100;  v_max(9)=1.000000;
		v_guess(10)=0.500050;  v_min(10)=0.000100;  v_max(10)=1.000000;
		v_guess(11)=1.000500;  v_min(11)=0.001000;  v_max(11)=2.000000;
		v_guess(12)=1.000500;  v_min(12)=0.001000;  v_max(12)=2.000000;
		v_guess(13)=1.000500;  v_min(13)=0.001000;  v_max(13)=2.000000;
		v_guess(14)=1.000500;  v_min(14)=0.001000;  v_max(14)=2.000000;
		v_guess(15)=1.000500;  v_min(15)=0.001000;  v_max(15)=2.000000;


------------------------------------------------------------------------------ 
 eSS R2010B - Enhanced Scatter Search    
<c> IIM-CSIC, Vigo, Spain -  email: gingproc@iim.csic.es 
------------------------------------------------------------------------------ 

Refset size automatically calculated: 14
Number of diverse solutions automatically calculated: 150


-----------------------------------------------
 Initial value problem related active settings
-----------------------------------------------
ivpsolver: cvodes
RelTol: 1e-12
AbsTol: 1e-12
MaxStepSize: Inf
MaxNumberOfSteps: 1e+06
Initial Pop: NFunEvals: 158  Bestf: 3.4481      CPUTime: 1.930000    Var: 1525.56 
Iteration: 1 NFunEvals: 363  Bestf: 1.47421      CPUTime: 2.160000    Var: 8.7913 
Call local solver: NL2SOL 
Initial point function value: 1.474205 

------------------------------------------------------------------
 This is dn2fb_ (NL2SNO v2.3)
 Authors: John Dennis, David Gay, Roy Welsch
 MEX Interface J. Currie 2012

 Problem Properties:
 # Decision Variables:       15
 # Data Points:              80
------------------------------------------------------------------

 *** SUCCESSFUL TERMINATION ***
 *** absolute function convergence ***
------------------------------------------------------------------

NL2SOL ended after 7 iteration and 131 function evaluation:
       Results: NL2SOL exited
Local solution function value: 5.21417e-08 
Number of function evaluations in the local search: 133 
CPU Time of the local search: 0.150700  seconds 

Iteration: 2 NFunEvals: 700  Bestf: 5.21417e-08      CPUTime: 2.790000    Var: 0.178196 
Iteration: 3 NFunEvals: 896  Bestf: 5.21417e-08      CPUTime: 2.940000    Var: 0.0336603 
Iteration: 4 NFunEvals: 1095  Bestf: 5.21417e-08      CPUTime: 3.230000    Var: 0.00206813 
Iteration: 5 NFunEvals: 1291  Bestf: 5.21417e-08      CPUTime: 3.710000    Var: 0.000117019 
Iteration: 6 NFunEvals: 1492  Bestf: 5.21417e-08      CPUTime: 4.160000    Var: 9.11403e-06 
Iteration: 7 NFunEvals: 1688  Bestf: 5.21417e-08      CPUTime: 4.610000    Var: 1.99075e-06 
Iteration: 8 NFunEvals: 1879  Bestf: 5.21417e-08      CPUTime: 5.020000    Var: 4.28268e-07 
Iteration: 9 NFunEvals: 2075  Bestf: 5.21417e-08      CPUTime: 5.460000    Var: 3.97084e-07 
Iteration: 10 NFunEvals: 2269  Bestf: 5.21417e-08      CPUTime: 5.900000    Var: 2.7396e-07 
Iteration: 11 NFunEvals: 2461  Bestf: 5.21417e-08      CPUTime: 6.260000    Var: 1.17082e-07 
Call local solver: NL2SOL 
Initial point function value: 0.001051 

------------------------------------------------------------------
 This is dn2fb_ (NL2SNO v2.3)
 Authors: John Dennis, David Gay, Roy Welsch
 MEX Interface J. Currie 2012

 Problem Properties:
 # Decision Variables:       15
 # Data Points:              80
------------------------------------------------------------------

 *** SUCCESSFUL TERMINATION ***
 *** absolute function convergence ***
------------------------------------------------------------------

NL2SOL ended after 3 iteration and 67 function evaluation:
       Results: NL2SOL exited
Local solution function value: 6.28856e-07 
Number of function evaluations in the local search: 69 
CPU Time of the local search: 0.051779  seconds 

Iteration: 12 NFunEvals: 2723  Bestf: 5.21417e-08      CPUTime: 6.490000    Var: 5.01845e-08 
Iteration: 13 NFunEvals: 2917  Bestf: 5.21417e-08      CPUTime: 6.630000    Var: 4.72763e-08 
Iteration: 14 NFunEvals: 3109  Bestf: 5.21417e-08      CPUTime: 6.770000    Var: 1.12181e-08 
Iteration: 15 NFunEvals: 3303  Bestf: 5.21417e-08      CPUTime: 6.910000    Var: 2.1092e-09 
Iteration: 16 NFunEvals: 3494  Bestf: 5.21417e-08      CPUTime: 7.050000    Var: 1.05378e-09 
Iteration: 17 NFunEvals: 3690  Bestf: 5.21417e-08      CPUTime: 7.300000    Var: 5.05638e-10 
Iteration: 18 NFunEvals: 3884  Bestf: 5.21417e-08      CPUTime: 7.440000    Var: 5.02027e-11 
Iteration: 19 NFunEvals: 4075  Bestf: 5.21417e-08      CPUTime: 7.580000    Var: 8.78655e-12 
Iteration: 20 NFunEvals: 4265  Bestf: 5.21417e-08      CPUTime: 7.720000    Var: 9.27877e-12 
Iteration: 21 NFunEvals: 4456  Bestf: 5.20823e-08      CPUTime: 7.850000    Var: 4.81998e-12 
Call local solver: NL2SOL 
Initial point function value: 0.000006 

------------------------------------------------------------------
 This is dn2fb_ (NL2SNO v2.3)
 Authors: John Dennis, David Gay, Roy Welsch
 MEX Interface J. Currie 2012

 Problem Properties:
 # Decision Variables:       15
 # Data Points:              80
------------------------------------------------------------------

 *** SUCCESSFUL TERMINATION ***
 *** absolute function convergence ***
------------------------------------------------------------------

NL2SOL ended after 1 iteration and 35 function evaluation:
       Results: NL2SOL exited
Local solution function value: 1.89991e-06 
Number of function evaluations in the local search: 37 
CPU Time of the local search: 0.027541  seconds 

Iteration: 22 NFunEvals: 4683  Bestf: 5.16116e-08      CPUTime: 8.020000    Var: 1.14537e-12 
Iteration: 23 NFunEvals: 4870  Bestf: 5.16116e-08      CPUTime: 8.160000    Var: 6.09772e-13 
Iteration: 24 NFunEvals: 5066  Bestf: 4.89224e-08      CPUTime: 8.300000    Var: 2.63239e-13 
Iteration: 25 NFunEvals: 5254  Bestf: 4.89224e-08      CPUTime: 8.430000    Var: 2.10906e-13 
Iteration: 26 NFunEvals: 5442  Bestf: 4.89224e-08      CPUTime: 8.570000    Var: 0.292426 
Iteration: 27 NFunEvals: 5635  Bestf: 4.89224e-08      CPUTime: 8.720000    Var: 0.00112649 
Iteration: 28 NFunEvals: 5827  Bestf: 4.89224e-08      CPUTime: 8.870000    Var: 1.81487e-06 
Iteration: 29 NFunEvals: 6016  Bestf: 4.65385e-08      CPUTime: 9.000000    Var: 1.01627e-07 
Iteration: 30 NFunEvals: 6203  Bestf: 4.65385e-08      CPUTime: 9.140000    Var: 6.7955e-11 
Iteration: 31 NFunEvals: 6390  Bestf: 4.65385e-08      CPUTime: 9.270000    Var: 6.48424e-13 
Call local solver: NL2SOL 
Initial point function value: 0.000000 

------------------------------------------------------------------
 This is dn2fb_ (NL2SNO v2.3)
 Authors: John Dennis, David Gay, Roy Welsch
 MEX Interface J. Currie 2012

 Problem Properties:
 # Decision Variables:       15
 # Data Points:              80
------------------------------------------------------------------

 *** SUCCESSFUL TERMINATION ***
 *** absolute function convergence ***
------------------------------------------------------------------

NL2SOL ended after 1 iteration and 18 function evaluation:
       Results: NL2SOL exited
Local solution function value: 7.0338e-08 
Number of function evaluations in the local search: 20 
CPU Time of the local search: 0.015343  seconds 

Iteration: 32 NFunEvals: 6598  Bestf: 4.65385e-08      CPUTime: 9.440000    Var: 0.0384118 
Iteration: 33 NFunEvals: 6784  Bestf: 4.65385e-08      CPUTime: 9.580000    Var: 0.000234644 
Iteration: 34 NFunEvals: 6970  Bestf: 4.65385e-08      CPUTime: 9.710000    Var: 1.15133e-06 
Iteration: 35 NFunEvals: 7156  Bestf: 3.06044e-08      CPUTime: 9.850000    Var: 3.95341e-09 
Iteration: 36 NFunEvals: 7347  Bestf: 3.06044e-08      CPUTime: 9.990000    Var: 1.01573e-10 
Iteration: 37 NFunEvals: 7533  Bestf: 3.06044e-08      CPUTime: 10.120000    Var: 2.6765e-13 
Iteration: 38 NFunEvals: 7719  Bestf: 3.06044e-08      CPUTime: 10.260000    Var: 2.53844e-13 
Iteration: 39 NFunEvals: 7906  Bestf: 3.06044e-08      CPUTime: 10.400000    Var: 2.54891e-13 
Iteration: 40 NFunEvals: 8096  Bestf: 3.06044e-08      CPUTime: 10.540000    Var: 0.122665 
Iteration: 41 NFunEvals: 8282  Bestf: 3.02595e-08      CPUTime: 10.780000    Var: 0.00158097 
Call local solver: NL2SOL 
Initial point function value: 0.000002 

------------------------------------------------------------------
 This is dn2fb_ (NL2SNO v2.3)
 Authors: John Dennis, David Gay, Roy Welsch
 MEX Interface J. Currie 2012

 Problem Properties:
 # Decision Variables:       15
 # Data Points:              80
------------------------------------------------------------------

 *** SUCCESSFUL TERMINATION ***
 *** absolute function convergence ***
------------------------------------------------------------------

NL2SOL ended after 1 iteration and 33 function evaluation:
       Results: NL2SOL exited
Local solution function value: 4.11434e-09 
Number of function evaluations in the local search: 35 
CPU Time of the local search: 0.037344  seconds 

Iteration: 42 NFunEvals: 8511  Bestf: 4.11434e-09      CPUTime: 10.980000    Var: 7.40912 
Iteration: 43 NFunEvals: 8702  Bestf: 4.11434e-09      CPUTime: 11.160000    Var: 0.00764368 
Iteration: 44 NFunEvals: 8890  Bestf: 4.11434e-09      CPUTime: 11.290000    Var: 6.18745e-05 
Iteration: 45 NFunEvals: 9084  Bestf: 4.11434e-09      CPUTime: 11.430000    Var: 0.117019 
Iteration: 46 NFunEvals: 9275  Bestf: 4.11434e-09      CPUTime: 11.560000    Var: 0.000759444 
Iteration: 47 NFunEvals: 9466  Bestf: 4.11434e-09      CPUTime: 11.710000    Var: 4.96001e-06 
Iteration: 48 NFunEvals: 9657  Bestf: 4.11434e-09      CPUTime: 11.840000    Var: 1.14999e-08 
Iteration: 49 NFunEvals: 9854  Bestf: 4.11434e-09      CPUTime: 11.990000    Var: 5.38876e-12 
Iteration: 50 NFunEvals: 10050  Bestf: 4.11434e-09      CPUTime: 12.140000    Var: 4.63867e-14 
Iteration: 51 NFunEvals: 10240  Bestf: 4.11434e-09      CPUTime: 12.290000    Var: 3.22287e-15 
Call local solver: NL2SOL 
Initial point function value: 0.000001 

------------------------------------------------------------------
 This is dn2fb_ (NL2SNO v2.3)
 Authors: John Dennis, David Gay, Roy Welsch
 MEX Interface J. Currie 2012

 Problem Properties:
 # Decision Variables:       15
 # Data Points:              80
------------------------------------------------------------------

 *** SUCCESSFUL TERMINATION ***
 *** absolute function convergence ***
------------------------------------------------------------------

NL2SOL ended after 1 iteration and 18 function evaluation:
       Results: NL2SOL exited
Local solution function value: 1.26758e-06 
Number of function evaluations in the local search: 20 
CPU Time of the local search: 0.014932  seconds 

Iteration: 52 NFunEvals: 10456  Bestf: 4.11434e-09      CPUTime: 12.450000    Var: 2.0403e-15 
Iteration: 53 NFunEvals: 10647  Bestf: 4.11434e-09      CPUTime: 12.590000    Var: 2.14156e-15 
Iteration: 54 NFunEvals: 10835  Bestf: 4.11434e-09      CPUTime: 12.730000    Var: 2.16753e-15 
Iteration: 55 NFunEvals: 11019  Bestf: 4.11434e-09      CPUTime: 12.870000    Var: 2.16834e-15 
Iteration: 56 NFunEvals: 11205  Bestf: 4.11434e-09      CPUTime: 13.110000    Var: 2.18472e-15 
Iteration: 57 NFunEvals: 11396  Bestf: 4.11434e-09      CPUTime: 13.250000    Var: 2.19713e-15 
Iteration: 58 NFunEvals: 11587  Bestf: 4.05039e-09      CPUTime: 13.390000    Var: 2.20356e-15 
Iteration: 59 NFunEvals: 11777  Bestf: 4.05039e-09      CPUTime: 13.540000    Var: 2.21601e-15 
Iteration: 60 NFunEvals: 11964  Bestf: 3.92259e-09      CPUTime: 13.680000    Var: 1.37529e-15 
Iteration: 61 NFunEvals: 12152  Bestf: 3.92259e-09      CPUTime: 13.840000    Var: 1.1922e-15 
Call local solver: NL2SOL 
Initial point function value: 0.000001 

------------------------------------------------------------------
 This is dn2fb_ (NL2SNO v2.3)
 Authors: John Dennis, David Gay, Roy Welsch
 MEX Interface J. Currie 2012

 Problem Properties:
 # Decision Variables:       15
 # Data Points:              80
------------------------------------------------------------------

 *** SUCCESSFUL TERMINATION ***
 *** absolute function convergence ***
------------------------------------------------------------------

NL2SOL ended after 1 iteration and 18 function evaluation:
       Results: NL2SOL exited
Local solution function value: 1.05901e-06 
Number of function evaluations in the local search: 20 
CPU Time of the local search: 0.014504  seconds 

Iteration: 62 NFunEvals: 12365  Bestf: 3.86441e-09      CPUTime: 14.050000    Var: 7.81402e-16 
Iteration: 63 NFunEvals: 12555  Bestf: 3.83635e-09      CPUTime: 14.200000    Var: 2.27038e-16 
Iteration: 64 NFunEvals: 12745  Bestf: 3.83635e-09      CPUTime: 14.340000    Var: 1.79472e-16 
Iteration: 65 NFunEvals: 12944  Bestf: 3.8069e-09      CPUTime: 14.490000    Var: 0.159878 
Iteration: 66 NFunEvals: 13135  Bestf: 3.79226e-09      CPUTime: 14.630000    Var: 0.000420365 
Iteration: 67 NFunEvals: 13330  Bestf: 3.79226e-09      CPUTime: 14.770000    Var: 9.29789e-06 
Iteration: 68 NFunEvals: 13518  Bestf: 3.78913e-09      CPUTime: 14.910000    Var: 6.52336e-07 
Iteration: 69 NFunEvals: 13706  Bestf: 3.78913e-09      CPUTime: 15.050000    Var: 6.30197e-09 
Iteration: 70 NFunEvals: 13896  Bestf: 3.78913e-09      CPUTime: 15.190000    Var: 5.65402e-11 
Iteration: 71 NFunEvals: 14090  Bestf: 3.78735e-09      CPUTime: 15.330000    Var: 6.05628e-12 
Call local solver: NL2SOL 
Initial point function value: 0.000004 

------------------------------------------------------------------
 This is dn2fb_ (NL2SNO v2.3)
 Authors: John Dennis, David Gay, Roy Welsch
 MEX Interface J. Currie 2012

 Problem Properties:
 # Decision Variables:       15
 # Data Points:              80
------------------------------------------------------------------

 *** SUCCESSFUL TERMINATION ***
 *** absolute function convergence ***
------------------------------------------------------------------

NL2SOL ended after 1 iteration and 33 function evaluation:
       Results: NL2SOL exited
Local solution function value: 1.3463e-08 
Number of function evaluations in the local search: 35 
CPU Time of the local search: 0.025940  seconds 

Iteration: 72 NFunEvals: 14327  Bestf: 3.75869e-09      CPUTime: 15.510000    Var: 8.63625e-14 
Iteration: 73 NFunEvals: 14520  Bestf: 3.75713e-09      CPUTime: 15.650000    Var: 0.00456878 
Iteration: 74 NFunEvals: 14710  Bestf: 3.75713e-09      CPUTime: 15.810000    Var: 1.84107 
Iteration: 75 NFunEvals: 14904  Bestf: 3.75713e-09      CPUTime: 15.950000    Var: 0.0942012 
Iteration: 76 NFunEvals: 15094  Bestf: 3.75659e-09      CPUTime: 16.090000    Var: 0.000557819 
Iteration: 77 NFunEvals: 15288  Bestf: 3.75494e-09      CPUTime: 16.230000    Var: 4.4366e-07 
Iteration: 78 NFunEvals: 15480  Bestf: 3.7519e-09      CPUTime: 16.370000    Var: 2.35075e-09 
Iteration: 79 NFunEvals: 15672  Bestf: 3.751e-09      CPUTime: 16.520000    Var: 0.0404968 
Iteration: 80 NFunEvals: 15869  Bestf: 3.75098e-09      CPUTime: 16.670000    Var: 0.000149534 
Iteration: 81 NFunEvals: 16059  Bestf: 3.74452e-09      CPUTime: 16.810000    Var: 9.99283e-07 
Call local solver: NL2SOL 
Initial point function value: 0.000002 

------------------------------------------------------------------
 This is dn2fb_ (NL2SNO v2.3)
 Authors: John Dennis, David Gay, Roy Welsch
 MEX Interface J. Currie 2012

 Problem Properties:
 # Decision Variables:       15
 # Data Points:              80
------------------------------------------------------------------

 *** SUCCESSFUL TERMINATION ***
 *** absolute function convergence ***
------------------------------------------------------------------

NL2SOL ended after 1 iteration and 18 function evaluation:
       Results: NL2SOL exited
Local solution function value: 1.90737e-06 
Number of function evaluations in the local search: 20 
CPU Time of the local search: 0.016339  seconds 

Iteration: 82 NFunEvals: 16277  Bestf: 3.74015e-09      CPUTime: 16.980000    Var: 9.00148e-10 
Iteration: 83 NFunEvals: 16469  Bestf: 3.7329e-09      CPUTime: 17.120000    Var: 1.10705e-12 
Iteration: 84 NFunEvals: 16659  Bestf: 3.72993e-09      CPUTime: 17.260000    Var: 5.89356e-13 
Iteration: 85 NFunEvals: 16854  Bestf: 3.72205e-09      CPUTime: 17.400000    Var: 1.32236e-13 
Iteration: 86 NFunEvals: 17045  Bestf: 3.72205e-09      CPUTime: 17.550000    Var: 4.96013e-15 
Iteration: 87 NFunEvals: 17231  Bestf: 3.72169e-09      CPUTime: 17.680000    Var: 2.83483e-16 
Iteration: 88 NFunEvals: 17425  Bestf: 3.72169e-09      CPUTime: 17.830000    Var: 1.42861e-16 
Iteration: 89 NFunEvals: 17621  Bestf: 3.72073e-09      CPUTime: 17.970000    Var: 0.0128107 
Iteration: 90 NFunEvals: 17813  Bestf: 3.7178e-09      CPUTime: 18.110000    Var: 6.81505e-05 
Iteration: 91 NFunEvals: 18006  Bestf: 3.71755e-09      CPUTime: 18.260000    Var: 1.6522 
Call local solver: NL2SOL 
Initial point function value: 0.000002 

------------------------------------------------------------------
 This is dn2fb_ (NL2SNO v2.3)
 Authors: John Dennis, David Gay, Roy Welsch
 MEX Interface J. Currie 2012

 Problem Properties:
 # Decision Variables:       15
 # Data Points:              80
------------------------------------------------------------------

 *** SUCCESSFUL TERMINATION ***
 *** absolute function convergence ***
------------------------------------------------------------------

NL2SOL ended after 1 iteration and 18 function evaluation:
       Results: NL2SOL exited
Local solution function value: 1.60251e-06 
Number of function evaluations in the local search: 20 
CPU Time of the local search: 0.015273  seconds 

Iteration: 92 NFunEvals: 18228  Bestf: 3.71229e-09      CPUTime: 18.450000    Var: 0.540089 
Iteration: 93 NFunEvals: 18422  Bestf: 3.71197e-09      CPUTime: 18.590000    Var: 0.00349194 
Iteration: 94 NFunEvals: 18617  Bestf: 3.71187e-09      CPUTime: 18.740000    Var: 1.46479 
Iteration: 95 NFunEvals: 18807  Bestf: 3.71187e-09      CPUTime: 18.880000    Var: 0.00112046 
Iteration: 96 NFunEvals: 19001  Bestf: 3.71158e-09      CPUTime: 19.020000    Var: 1.79657e-05 
Iteration: 97 NFunEvals: 19196  Bestf: 3.71154e-09      CPUTime: 19.160000    Var: 0.418794 
Iteration: 98 NFunEvals: 19386  Bestf: 3.71154e-09      CPUTime: 19.300000    Var: 0.00102293 
Iteration: 99 NFunEvals: 19585  Bestf: 3.71099e-09      CPUTime: 19.450000    Var: 8.37087e-06 
Iteration: 100 NFunEvals: 19776  Bestf: 3.71075e-09      CPUTime: 19.590000    Var: 2.41046e-07 
Iteration: 101 NFunEvals: 19970  Bestf: 3.71075e-09      CPUTime: 19.740000    Var: 1.42631e-10 
Call local solver: NL2SOL 
Initial point function value: 0.000000 

------------------------------------------------------------------
 This is dn2fb_ (NL2SNO v2.3)
 Authors: John Dennis, David Gay, Roy Welsch
 MEX Interface J. Currie 2012

 Problem Properties:
 # Decision Variables:       15
 # Data Points:              80
------------------------------------------------------------------

 *** SUCCESSFUL TERMINATION ***
 *** absolute function convergence ***
------------------------------------------------------------------

NL2SOL ended after 1 iteration and 18 function evaluation:
       Results: NL2SOL exited
Local solution function value: 2.0883e-07 
Number of function evaluations in the local search: 20 
CPU Time of the local search: 0.014442  seconds 

Iteration: 102 NFunEvals: 20182  Bestf: 3.70285e-09      CPUTime: 19.890000    Var: 1.05783e-12 

Final local refinement with: NL2SOL 
Initial point function value: 0.000000 

------------------------------------------------------------------
 This is dn2fb_ (NL2SNO v2.3)
 Authors: John Dennis, David Gay, Roy Welsch
 MEX Interface J. Currie 2012

 Problem Properties:
 # Decision Variables:       15
 # Data Points:              80
------------------------------------------------------------------

 *** SUCCESSFUL TERMINATION ***
 *** absolute function convergence ***
------------------------------------------------------------------

NL2SOL ended after 1 iteration and 33 function evaluation:
       Results: NL2SOL exited
Local solution function value: 0.000000 
Number of function evaluations in the local search: 35 
CPU Time of the local search: 0.027603  seconds 

Maximum number of function evaluations achieved
Best solution value		3.45046e-09
Decision vector
	0.0645078
	0.148294
	0.0207898
	0.263862
	0.0001
	0.267183
	0.63312
	0.94841
	0.800938
	0.917542
	0.167012
	0.273733
	0.559286
	0.666993
	0.83301
CPU time		19.93
Number of function evaluations		20218
Execution of script mklJac as a function is not supported:
/home/soogo/ParameterEstimation.jl/benchmarks/matlab/src/AMIGO2_R2019b/Kernel/numericalDifferentiation/mklJac.m


------> Computing Correlation Matrix for unknowns...

---------------------------------------------------
Local sensitivity problem related active settings
---------------------------------------------------
senssolver: cvodes
ivp_RelTol: 1e-12
ivp_AbsTol: 1e-12
sens_RelTol: ~1e-12
sensmex: cvodesg_problem
MaxStepSize: Inf
MaxNumberOfSteps: 1e+06
sens_RelTol: ~1e-12

----------------------------------------------------------
------> WARNING message
		The Fisher Information Matrix is nearly singular.
----------------------------------------------------------



--------------------------------------------------------------------------
		
Experiment 1: 
		inputs.exp_data{1}=[
		0.667  0.833  0.167  0.833
		0.634955  0.799195  0.16899  0.821531
		0.604521  0.766649  0.170962  0.810217
		0.57561  0.735325  0.172917  0.799057
		0.548144  0.705184  0.174856  0.788049
		0.522045  0.676189  0.176778  0.777191
		0.497241  0.648304  0.178685  0.766483
		0.473666  0.621492  0.180576  0.755922
		0.451254  0.595719  0.182452  0.745506
		0.429946  0.570949  0.184314  0.735235
		0.409683  0.547148  0.186162  0.725106
		0.390413  0.524282  0.187996  0.715118
		0.372084  0.50232  0.189817  0.705269
		0.354648  0.48123  0.191624  0.695558
		0.33806  0.46098  0.193419  0.685982
		0.322275  0.441541  0.195202  0.676541
		0.307254  0.422882  0.196972  0.667232
		0.292957  0.404976  0.19873  0.658055
		0.279349  0.387795  0.200477  0.649007
		0.266394  0.371311  0.202212  0.640087
		];



---------------------------------------------------------------------------------------------
>>>>    Mean / Maximum value of the residuals in percentage (100*(data-model)/data):

		Experiment 1 : 
		 Observable 1 -->  mean error: 0.001206 %	 max error: 0.004604 %
		 Observable 2 -->  mean error: 0.000710 %	 max error: 0.001676 %
		 Observable 3 -->  mean error: 0.002811 %	 max error: 0.007239 %
		 Observable 4 -->  mean error: 0.001121 %	 max error: 0.002367 %

--------------------------------------------------------------------------

--------------------------------------------------------------------
>>>>    Maximum absolute value of the residuals (data-model):

		Experiment 1 : 
		 Observable 1 -->  max residual: 0.000012 max data: 0.667000
		 Observable 2 -->  max residual: 0.000010 max data: 0.833000
		 Observable 3 -->  max residual: 0.000012 max data: 0.202212
		 Observable 4 -->  max residual: 0.000019 max data: 0.833000

--------------------------------------------------------------------------	   

>>>> Best objective function: 0.000000 
	   

>>>> Computational cost: 19.930000 s
> 100.00% of successful simulationn
> 100.00% of successful sensitivity calculations


>>> Best values found and the corresponding asymptotic confidence intervals



>>> Estimated global parameters: 

	lm   : 6.4508e-02  +-  1.3006e-02 (    20.2%); 
	d    : 1.4829e-01  +-  2.1293e-02 (    14.4%); 
	beta : 2.0790e-02  +-  1.9694e-01 (     947%); 
	a    : 2.6386e-01  +-  5.9220e-02 (    22.4%); 
	k    : 1.0000e-04  +-  6.4698e-01 (6.47e+05%); (bound active) 
	uu   : 2.6718e-01  +-  2.9418e-01 (     110%); 
	c    : 6.3312e-01  +-  8.4394e+00 (1.33e+03%); 
	q    : 9.4841e-01  +-  6.5057e-01 (    68.6%); 
	b    : 8.0094e-01  +-  3.7718e-02 (    4.71%); 
	h    : 9.1754e-01  +-  1.7315e-02 (    1.89%); 


>>> Estimated global initial conditions: 

	x  : 1.6701e-01  +-  9.2223e-06 ( 0.00552%); 
	yy : 2.7373e-01  +-  3.7707e+00 (1.38e+03%); 
	vv : 5.5929e-01  +-  3.7707e+00 (     674%); 
	w  : 6.6699e-01  +-  1.0437e-05 ( 0.00156%); 
	z  : 8.3301e-01  +-  1.0495e-05 ( 0.00126%); 


>>> Correlation matrix for the global unknowns:

	 1.000000e+00	 9.942030e-01	 7.579007e-01	 2.882663e-02	 -9.974626e-01	 -9.918558e-01	 -3.574135e-01	 -2.205489e-02	 2.195239e-02	 -2.165382e-02	 -5.158379e-01	 3.467518e-01	 -3.467510e-01	 3.677552e-03	 1.654056e-02
	 9.942030e-01	 1.000000e+00	 8.046988e-01	 -5.444724e-02	 -9.938034e-01	 -9.745689e-01	 -4.307205e-01	 -7.879699e-02	 7.889414e-02	 -7.834436e-02	 -5.502117e-01	 4.199679e-01	 -4.199671e-01	 5.755944e-03	 6.128833e-02
	 7.579007e-01	 8.046988e-01	 1.000000e+00	 -5.411481e-01	 -7.818782e-01	 -6.772768e-01	 -8.797280e-01	 -5.789763e-01	 5.828420e-01	 -5.821898e-01	 -3.662752e-01	 8.745235e-01	 -8.745230e-01	 1.342713e-01	 3.385855e-01
	 2.882663e-02	 -5.444724e-02	 -5.411481e-01	 1.000000e+00	 2.123668e-02	 -1.352137e-01	 8.094059e-01	 5.031479e-01	 -5.030304e-01	 4.988317e-01	 -3.029933e-02	 -8.034693e-01	 8.034696e-01	 9.932677e-02	 -5.167772e-01
	 -9.974626e-01	 -9.938034e-01	 -7.818782e-01	 2.123668e-02	 1.000000e+00	 9.870261e-01	 3.938863e-01	 3.974416e-02	 -3.953188e-02	 3.897537e-02	 4.965032e-01	 -3.827580e-01	 3.827572e-01	 6.437938e-03	 -4.146778e-02
	 -9.918558e-01	 -9.745689e-01	 -6.772768e-01	 -1.352137e-01	 9.870261e-01	 1.000000e+00	 2.469368e-01	 -7.057181e-02	 7.121431e-02	 -7.132753e-02	 4.964925e-01	 -2.361290e-01	 2.361282e-01	 1.193546e-02	 4.357985e-02
	 -3.574135e-01	 -4.307205e-01	 -8.797280e-01	 8.094059e-01	 3.938863e-01	 2.469368e-01	 1.000000e+00	 7.984366e-01	 -8.044887e-01	 8.043514e-01	 1.616027e-01	 -9.996967e-01	 9.996967e-01	 -1.782332e-01	 -4.800160e-01
	 -2.205489e-02	 -7.879699e-02	 -5.789763e-01	 5.031479e-01	 3.974416e-02	 -7.057181e-02	 7.984366e-01	 1.000000e+00	 -9.962627e-01	 9.842765e-01	 -2.738988e-03	 -8.129876e-01	 8.129878e-01	 -3.685426e-01	 -3.003160e-01
	 2.195239e-02	 7.889414e-02	 5.828420e-01	 -5.030304e-01	 -3.953188e-02	 7.121431e-02	 -8.044887e-01	 -9.962627e-01	 1.000000e+00	 -9.958542e-01	 3.283708e-03	 8.185455e-01	 -8.185458e-01	 4.071724e-01	 3.313701e-01
	 -2.165382e-02	 -7.834436e-02	 -5.821898e-01	 4.988317e-01	 3.897537e-02	 -7.132753e-02	 8.043514e-01	 9.842765e-01	 -9.958542e-01	 1.000000e+00	 -3.832360e-03	 -8.177744e-01	 8.177747e-01	 -4.439514e-01	 -3.608864e-01
	 -5.158379e-01	 -5.502117e-01	 -3.662752e-01	 -3.029933e-02	 4.965032e-01	 4.964925e-01	 1.616027e-01	 -2.738988e-03	 3.283708e-03	 -3.832360e-03	 1.000000e+00	 -1.562803e-01	 1.562798e-01	 -1.600955e-03	 6.692381e-04
	 3.467518e-01	 4.199679e-01	 8.745235e-01	 -8.034693e-01	 -3.827580e-01	 -2.361290e-01	 -9.996967e-01	 -8.129876e-01	 8.185455e-01	 -8.177744e-01	 -1.562803e-01	 1.000000e+00	 -1.000000e+00	 1.865868e-01	 4.759498e-01
	 -3.467510e-01	 -4.199671e-01	 -8.745230e-01	 8.034696e-01	 3.827572e-01	 2.361282e-01	 9.996967e-01	 8.129878e-01	 -8.185458e-01	 8.177747e-01	 1.562798e-01	 -1.000000e+00	 1.000000e+00	 -1.865869e-01	 -4.759499e-01
	 3.677552e-03	 5.755944e-03	 1.342713e-01	 9.932677e-02	 6.437938e-03	 1.193546e-02	 -1.782332e-01	 -3.685426e-01	 4.071724e-01	 -4.439514e-01	 -1.600955e-03	 1.865868e-01	 -1.865869e-01	 1.000000e+00	 -1.900405e-02
	 1.654056e-02	 6.128833e-02	 3.385855e-01	 -5.167772e-01	 -4.146778e-02	 4.357985e-02	 -4.800160e-01	 -3.003160e-01	 3.313701e-01	 -3.608864e-01	 6.692381e-04	 4.759498e-01	 -4.759499e-01	 -1.900405e-02	 1.000000e+00


------>Plotting results....



------>Results (report and struct_results.mat) and plots were kept in the directory:

		/home/soogo/ParameterEstimation.jl/benchmarks/matlab/src/AMIGO2_R2019b/Results/Problem/PE_problem_eSS_run1

		Click <a href="matlab: cd('/home/soogo/ParameterEstimation.jl/benchmarks/matlab/src/AMIGO2_R2019b/Results/Problem/PE_problem_eSS_run1')">here</a> to go to the results folder or <a href="matlab: load('/home/soogo/ParameterEstimation.jl/benchmarks/matlab/src/AMIGO2_R2019b/Results/Problem/PE_problem_eSS_run1/strreport_problem_run1.mat')">here</a> to load the results.
[?1l>

CPU time: 6.46+97.80 sec	Max. resident set size: 1420108 KB	 Elapsed: 71.52 sec.
