[?1h=
                                                    < M A T L A B (R) >
                                          Copyright 1984-2022 The MathWorks, Inc.
                                          R2022a (9.12.0.1884302) 64-bit (glnxa64)
                                                     February 16, 2022

 
To get started, type doc.
For product information, visit www.mathworks.com.
 


*********************************** 
     AMIGO2, Copyright @CSIC      
     AMIGO2_R2019a [March 2019]      
*********************************** 

*Date: 29-May-2023

------>Pre processing....this may take a few seconds.


------>Checking inputs....
		Problem folder has not been provided. Default: Problem
------> WARNING message

		 AMIGO_check_model: You did not specify inputs.model.exe_type, standard will be assumed

[Warning: AMIGO_check_IVPsolver: Changing ivp solver to the only option compatible with charmodelC and sbmlmodel, cvodes] 
[> In AMIGO_check_IVPsolver (line 24)
In AMIGO_check_model (line 387)
In AMIGO_Prep (line 55)
In HIV (line 99)
In run (line 91)] 
[Warning: AMIGO_check_IVPsolver: Changing sensitivities solver to, cvodes] 
[> In AMIGO_check_IVPsolver (line 31)
In AMIGO_check_model (line 387)
In AMIGO_Prep (line 55)
In HIV (line 99)
In run (line 91)] 
------> Generating C code ...


------> Mexing files....

[?1h=[?1h=[?1h=Building with 'gcc'.
[?1h=[?1h=[?1h=[?1h=[?1h=/home/soogo/ParameterEstimation.jl/benchmarks/matlab/src/AMIGO2_R2019b/Kernel/IVP_solvers/cvodes/C_src4Amigo/src/src_amigo/simulate_amigo_model.c: In function ‘simulate_amigo_model’:
/home/soogo/ParameterEstimation.jl/benchmarks/matlab/src/AMIGO2_R2019b/Kernel/IVP_solvers/cvodes/C_src4Amigo/src/src_amigo/simulate_amigo_model.c:278:11: warning: passing argument 1 of ‘mexPrintf’ from incompatible pointer type [-Wincompatible-pointer-types]
  278 | mexPrintf(stderr,"\nSolver failed at flag = CVode(cvode_mem, tout, y, &t, CV_TSTOP_RETURN);. . .\n");
      |           ^~~~~~
      |           |
      |           FILE * {aka struct _IO_FILE *}
In file included from /home/soogo/ParameterEstimation.jl/benchmarks/matlab/src/AMIGO2_R2019b/Kernel/IVP_solvers/cvodes/C_src4Amigo/include/include_amigo/simulate_amigo_model.h:4,
                 from /home/soogo/ParameterEstimation.jl/benchmarks/matlab/src/AMIGO2_R2019b/Kernel/IVP_solvers/cvodes/C_src4Amigo/src/src_amigo/simulate_amigo_model.c:1:
/local/MATLAB/R2022a/extern/include/mex.h:192:17: note: expected ‘const char *’ but argument is of type ‘FILE *’ {aka ‘struct _IO_FILE *’}
  192 |     const char *fmt, /* printf style format */
      |     ~~~~~~~~~~~~^~~

[?1h=/home/soogo/ParameterEstimation.jl/benchmarks/matlab/src/AMIGO2_R2019b/Kernel/IVP_solvers/cvodes/C_src4Amigo/src/src_interface/interface_with_matlab.c: In function ‘mexFunction’:
/home/soogo/ParameterEstimation.jl/benchmarks/matlab/src/AMIGO2_R2019b/Kernel/IVP_solvers/cvodes/C_src4Amigo/src/src_interface/interface_with_matlab.c:181:14: warning: assignment to ‘mxArray *’ {aka ‘struct mxArray_tag *’} from incompatible pointer type ‘double *’ [-Wincompatible-pointer-types]
  181 | stats_struct = mxGetPr(plhs[5]);
      |              ^

[?1h=[?1h=[?1h=/home/soogo/ParameterEstimation.jl/benchmarks/matlab/src/AMIGO2_R2019b/Kernel/IVP_solvers/cvodes/C_src4Amigo/src/src_cvodes/cvodes.c: In function ‘cvProcessError’:
/home/soogo/ParameterEstimation.jl/benchmarks/matlab/src/AMIGO2_R2019b/Kernel/IVP_solvers/cvodes/C_src4Amigo/src/src_cvodes/cvodes.c:8961:21: warning: format not a string literal and no format arguments [-Wformat-security]
 8961 |     fprintf(stderr, msg);
      |                     ^~~

[?1h=[?1h=[?1h=[?1h=[?1h=[?1h=[?1h=[?1h=[?1h=[?1h=[?1h=[?1h=[?1h=[?1h=[?1h=[?1h=[?1h=[?1h=[?1h=[?1h=[?1h=[?1h=[?1h=[?1h=[?1h=MEX completed successfully.


------>Files generated....


*********************************** 
     AMIGO2, Copyright @CSIC      
     AMIGO2_R2019a [March 2019]      
*********************************** 

*Date: 29-May-2023

------>Checking inputs....
		Problem folder has not been provided. Default: Problem
------> WARNING message

		 AMIGO_check_model: You did not specify inputs.model.exe_type, standard will be assumed

[Warning: AMIGO_check_IVPsolver: Changing ivp solver to the only option compatible with charmodelC and sbmlmodel, cvodes] 
[> In AMIGO_check_IVPsolver (line 24)
In AMIGO_check_model (line 387)
In AMIGO_PE (line 83)
In HIV (line 100)
In run (line 91)] 
[Warning: AMIGO_check_IVPsolver: Changing sensitivities solver to, cvodes] 
[> In AMIGO_check_IVPsolver (line 31)
In AMIGO_check_model (line 387)
In AMIGO_PE (line 83)
In HIV (line 100)
In run (line 91)] 


------> WARNING message

		 You have not provided the sampling times.
 		 Equidistant sampling will be assumed for experiment 1
		 Note however that you may modify your input file by adding
		 inputs.exps.t_s{iexp}

ans =

    0.5000    0.5000    0.5000    0.5000    0.5000    0.5000    0.5000    0.5000    0.5000    0.5000

[Warning: Directory already exists.] 
[> In AMIGO_gen_obs (line 38)
In AMIGO_PE (line 128)
In HIV (line 100)
In run (line 91)] 
[Warning: Name is nonexistent or not a directory:
/home/soogo/ParameterEstimation.jl/benchmarks/matlab/src/AMIGO2_R2019b/Results/Problem/AMIGO_gen_obs_problem.m] 
[> In path (line 109)
In addpath (line 86)
In AMIGO_gen_obs (line 109)
In AMIGO_PE (line 128)
In HIV (line 100)
In run (line 91)] 

ans =

    '/home/soogo/ParameterEstimation.jl/benchmarks/matlab/src/AMIGO2_R2019b/Results/Problem/AMIGO_gen_obs_problem.m'


*************************************************************************


------>IMPORTANT!!: Most of the optimization solvers have their own
                    tunning parameters (options).
                    Defaults have been assigned in the *NLPsolver*_options
                    files. You may need to modify those settings for your
                    particular problem, specially:
                      - maximum number of function evaluations /iterations,
                      - maximum computational time


******************************************************************

  Solving the NLP problem with
		>Summary of selected eSS options: 
ess_options.
	dim_refset:	'auto'
	inter_save:	0
	iterprint:	1
	local:	(1x1 struct)
	log_var:	[]
	maxeval:	20000
	maxtime:	600
	ndiverse:	'auto'
nl2sol_settings.
	display:	1
	grad:	[]
	iterfun:	[]
	maxfeval:	300
	maxiter:	300
	objrtol:	1e-06
	tolafun:	1e-06
	tolrfun:	1e-06

		>Bounds on the unknowns:

		v_guess(1)=0.500050;  v_min(1)=0.000100;  v_max(1)=1.000000;
		v_guess(2)=0.500050;  v_min(2)=0.000100;  v_max(2)=1.000000;
		v_guess(3)=0.500050;  v_min(3)=0.000100;  v_max(3)=1.000000;
		v_guess(4)=0.500050;  v_min(4)=0.000100;  v_max(4)=1.000000;
		v_guess(5)=0.500050;  v_min(5)=0.000100;  v_max(5)=1.000000;
		v_guess(6)=0.500050;  v_min(6)=0.000100;  v_max(6)=1.000000;
		v_guess(7)=0.500050;  v_min(7)=0.000100;  v_max(7)=1.000000;
		v_guess(8)=0.500050;  v_min(8)=0.000100;  v_max(8)=1.000000;
		v_guess(9)=0.500050;  v_min(9)=0.000100;  v_max(9)=1.000000;
		v_guess(10)=0.500050;  v_min(10)=0.000100;  v_max(10)=1.000000;
		v_guess(11)=0.500050;  v_min(11)=0.000100;  v_max(11)=1.000000;
		v_guess(12)=0.500050;  v_min(12)=0.000100;  v_max(12)=1.000000;
		v_guess(13)=0.500050;  v_min(13)=0.000100;  v_max(13)=1.000000;
		v_guess(14)=0.500050;  v_min(14)=0.000100;  v_max(14)=1.000000;
		v_guess(15)=0.500050;  v_min(15)=0.000100;  v_max(15)=1.000000;


------------------------------------------------------------------------------ 
 eSS R2010B - Enhanced Scatter Search    
<c> IIM-CSIC, Vigo, Spain -  email: gingproc@iim.csic.es 
------------------------------------------------------------------------------ 

Refset size automatically calculated: 14
Number of diverse solutions automatically calculated: 150


-----------------------------------------------
 Initial value problem related active settings
-----------------------------------------------
ivpsolver: cvodes
RelTol: 1e-12
AbsTol: 1e-12
MaxStepSize: Inf
MaxNumberOfSteps: 1e+06
Initial Pop: NFunEvals: 158  Bestf: 0.861829      CPUTime: 2.040000    Var: 29.8215 
Iteration: 1 NFunEvals: 365  Bestf: 0.285617      CPUTime: 2.330000    Var: 0.174059 
Call local solver: NL2SOL 
Initial point function value: 0.285617 

------------------------------------------------------------------
 This is dn2fb_ (NL2SNO v2.3)
 Authors: John Dennis, David Gay, Roy Welsch
 MEX Interface J. Currie 2012

 Problem Properties:
 # Decision Variables:       15
 # Data Points:              80
------------------------------------------------------------------

 *** SUCCESSFUL TERMINATION ***
 *** absolute function convergence ***
------------------------------------------------------------------

NL2SOL ended after 6 iteration and 115 function evaluation:
       Results: NL2SOL exited
Local solution function value: 1.33807e-06 
Number of function evaluations in the local search: 117 
CPU Time of the local search: 0.159793  seconds 

Iteration: 2 NFunEvals: 684  Bestf: 1.33807e-06      CPUTime: 2.940000    Var: 0.0315615 
Iteration: 3 NFunEvals: 884  Bestf: 1.33807e-06      CPUTime: 3.100000    Var: 0.00545004 
Iteration: 4 NFunEvals: 1081  Bestf: 1.33807e-06      CPUTime: 3.380000    Var: 0.001582 
Iteration: 5 NFunEvals: 1281  Bestf: 1.33807e-06      CPUTime: 3.920000    Var: 0.000522272 
Iteration: 6 NFunEvals: 1479  Bestf: 1.33807e-06      CPUTime: 4.390000    Var: 0.000128442 
Iteration: 7 NFunEvals: 1677  Bestf: 1.33807e-06      CPUTime: 4.870000    Var: 2.4518e-05 
Iteration: 8 NFunEvals: 1867  Bestf: 1.33807e-06      CPUTime: 5.300000    Var: 1.14243e-05 
Iteration: 9 NFunEvals: 2067  Bestf: 1.33807e-06      CPUTime: 5.750000    Var: 9.84755e-06 
Iteration: 10 NFunEvals: 2262  Bestf: 1.33807e-06      CPUTime: 6.190000    Var: 5.80262e-06 
Iteration: 11 NFunEvals: 2456  Bestf: 1.33807e-06      CPUTime: 6.620000    Var: 3.74714e-06 
Call local solver: NL2SOL 
Initial point function value: 0.004710 

------------------------------------------------------------------
 This is dn2fb_ (NL2SNO v2.3)
 Authors: John Dennis, David Gay, Roy Welsch
 MEX Interface J. Currie 2012

 Problem Properties:
 # Decision Variables:       15
 # Data Points:              80
------------------------------------------------------------------

 *** SUCCESSFUL TERMINATION ***
 *** absolute function convergence ***
------------------------------------------------------------------

NL2SOL ended after 2 iteration and 50 function evaluation:
       Results: NL2SOL exited
Local solution function value: 2.43211e-07 
Number of function evaluations in the local search: 52 
CPU Time of the local search: 0.042515  seconds 

Iteration: 12 NFunEvals: 2703  Bestf: 2.43211e-07      CPUTime: 7.020000    Var: 3.53718e-06 
Iteration: 13 NFunEvals: 2898  Bestf: 2.43211e-07      CPUTime: 7.160000    Var: 2.15192e-06 
Iteration: 14 NFunEvals: 3088  Bestf: 2.43211e-07      CPUTime: 7.300000    Var: 1.5106e-06 
Iteration: 15 NFunEvals: 3285  Bestf: 2.43211e-07      CPUTime: 7.450000    Var: 7.81096e-07 
Iteration: 16 NFunEvals: 3477  Bestf: 2.43211e-07      CPUTime: 7.590000    Var: 2.37064e-07 
Iteration: 17 NFunEvals: 3673  Bestf: 2.43211e-07      CPUTime: 7.740000    Var: 2.18035e-08 
Iteration: 18 NFunEvals: 3869  Bestf: 2.43211e-07      CPUTime: 7.890000    Var: 1.88461e-08 
Iteration: 19 NFunEvals: 4059  Bestf: 2.43211e-07      CPUTime: 8.030000    Var: 1.42281e-08 
Iteration: 20 NFunEvals: 4249  Bestf: 2.43211e-07      CPUTime: 8.170000    Var: 1.01126e-08 
Iteration: 21 NFunEvals: 4446  Bestf: 2.43211e-07      CPUTime: 8.310000    Var: 5.52334e-09 
Call local solver: NL2SOL 
Initial point function value: 0.000225 

------------------------------------------------------------------
 This is dn2fb_ (NL2SNO v2.3)
 Authors: John Dennis, David Gay, Roy Welsch
 MEX Interface J. Currie 2012

 Problem Properties:
 # Decision Variables:       15
 # Data Points:              80
------------------------------------------------------------------

 *** SUCCESSFUL TERMINATION ***
 *** absolute function convergence ***
------------------------------------------------------------------

NL2SOL ended after 1 iteration and 34 function evaluation:
       Results: NL2SOL exited
Local solution function value: 2.80301e-07 
Number of function evaluations in the local search: 36 
CPU Time of the local search: 0.028574  seconds 

Iteration: 22 NFunEvals: 4682  Bestf: 2.43211e-07      CPUTime: 8.510000    Var: 0.00714084 
Iteration: 23 NFunEvals: 4877  Bestf: 1.6476e-07      CPUTime: 8.670000    Var: 1.45838e-05 
Iteration: 24 NFunEvals: 5071  Bestf: 1.6476e-07      CPUTime: 8.800000    Var: 3.58101e-07 
Iteration: 25 NFunEvals: 5260  Bestf: 9.81165e-08      CPUTime: 8.940000    Var: 1.8634e-09 
Iteration: 26 NFunEvals: 5455  Bestf: 9.81165e-08      CPUTime: 9.090000    Var: 7.52127e-10 
Iteration: 27 NFunEvals: 5644  Bestf: 8.6259e-08      CPUTime: 9.230000    Var: 2.7509e-10 
Iteration: 28 NFunEvals: 5831  Bestf: 8.6259e-08      CPUTime: 9.370000    Var: 1.48281e-10 
Iteration: 29 NFunEvals: 6021  Bestf: 8.6259e-08      CPUTime: 9.510000    Var: 9.04198e-11 
Iteration: 30 NFunEvals: 6208  Bestf: 5.95547e-08      CPUTime: 9.640000    Var: 5.14718e-11 
Iteration: 31 NFunEvals: 6395  Bestf: 5.22177e-08      CPUTime: 9.780000    Var: 4.29741e-11 
Call local solver: NL2SOL 
Initial point function value: 0.001521 

------------------------------------------------------------------
 This is dn2fb_ (NL2SNO v2.3)
 Authors: John Dennis, David Gay, Roy Welsch
 MEX Interface J. Currie 2012

 Problem Properties:
 # Decision Variables:       15
 # Data Points:              80
------------------------------------------------------------------

 *** SUCCESSFUL TERMINATION ***
 *** absolute function convergence ***
------------------------------------------------------------------

NL2SOL ended after 3 iteration and 65 function evaluation:
       Results: NL2SOL exited
Local solution function value: 1.21852e-10 
Number of function evaluations in the local search: 67 
CPU Time of the local search: 0.051730  seconds 

Iteration: 32 NFunEvals: 6650  Bestf: 1.21852e-10      CPUTime: 9.980000    Var: 2.75098e-11 
Iteration: 33 NFunEvals: 6837  Bestf: 1.21852e-10      CPUTime: 10.120000    Var: 2.08524e-11 
Iteration: 34 NFunEvals: 7021  Bestf: 1.21852e-10      CPUTime: 10.250000    Var: 2.08607e-11 
Iteration: 35 NFunEvals: 7206  Bestf: 1.21852e-10      CPUTime: 10.380000    Var: 2.08791e-11 
Iteration: 36 NFunEvals: 7391  Bestf: 1.21852e-10      CPUTime: 10.520000    Var: 2.11745e-11 
Iteration: 37 NFunEvals: 7578  Bestf: 1.21852e-10      CPUTime: 10.650000    Var: 2.8697e-12 
Iteration: 38 NFunEvals: 7762  Bestf: 1.21852e-10      CPUTime: 10.790000    Var: 2.86848e-12 
Iteration: 39 NFunEvals: 7946  Bestf: 1.21852e-10      CPUTime: 10.920000    Var: 2.8575e-12 
Iteration: 40 NFunEvals: 8131  Bestf: 1.21852e-10      CPUTime: 11.050000    Var: 2.84546e-12 
Iteration: 41 NFunEvals: 8318  Bestf: 1.21852e-10      CPUTime: 11.190000    Var: 2.8674e-12 
Call local solver: NL2SOL 
Initial point function value: 0.000043 

------------------------------------------------------------------
 This is dn2fb_ (NL2SNO v2.3)
 Authors: John Dennis, David Gay, Roy Welsch
 MEX Interface J. Currie 2012

 Problem Properties:
 # Decision Variables:       15
 # Data Points:              80
------------------------------------------------------------------

 *** SUCCESSFUL TERMINATION ***
 *** absolute function convergence ***
------------------------------------------------------------------

NL2SOL ended after 2 iteration and 49 function evaluation:
       Results: NL2SOL exited
Local solution function value: 1.62183e-07 
Number of function evaluations in the local search: 51 
CPU Time of the local search: 0.050527  seconds 

Iteration: 42 NFunEvals: 8557  Bestf: 1.21852e-10      CPUTime: 11.380000    Var: 0.0536214 
Iteration: 43 NFunEvals: 8746  Bestf: 1.21852e-10      CPUTime: 11.520000    Var: 0.000365781 
Iteration: 44 NFunEvals: 8934  Bestf: 1.21852e-10      CPUTime: 11.670000    Var: 1.63804e-06 
Iteration: 45 NFunEvals: 9121  Bestf: 1.21852e-10      CPUTime: 11.810000    Var: 7.40692e-09 
Iteration: 46 NFunEvals: 9313  Bestf: 1.21852e-10      CPUTime: 11.950000    Var: 2.33811e-12 
Iteration: 47 NFunEvals: 9505  Bestf: 1.21852e-10      CPUTime: 12.080000    Var: 2.41618e-12 
Iteration: 48 NFunEvals: 9699  Bestf: 1.21852e-10      CPUTime: 12.240000    Var: 0.00644207 
Iteration: 49 NFunEvals: 9885  Bestf: 1.21852e-10      CPUTime: 12.370000    Var: 0.000265591 
Iteration: 50 NFunEvals: 10076  Bestf: 1.21852e-10      CPUTime: 12.510000    Var: 9.59518e-07 
Iteration: 51 NFunEvals: 10267  Bestf: 1.21852e-10      CPUTime: 12.660000    Var: 0.0237479 
Call local solver: NL2SOL 
Initial point function value: 0.000292 

------------------------------------------------------------------
 This is dn2fb_ (NL2SNO v2.3)
 Authors: John Dennis, David Gay, Roy Welsch
 MEX Interface J. Currie 2012

 Problem Properties:
 # Decision Variables:       15
 # Data Points:              80
------------------------------------------------------------------

 *** SUCCESSFUL TERMINATION ***
 *** absolute function convergence ***
------------------------------------------------------------------

NL2SOL ended after 2 iteration and 50 function evaluation:
       Results: NL2SOL exited
Local solution function value: 1.72858e-06 
Number of function evaluations in the local search: 52 
CPU Time of the local search: 0.039609  seconds 

Iteration: 52 NFunEvals: 10512  Bestf: 1.21852e-10      CPUTime: 12.860000    Var: 4.9163e-05 
Iteration: 53 NFunEvals: 10706  Bestf: 1.21852e-10      CPUTime: 13.000000    Var: 1.47075e-06 
Iteration: 54 NFunEvals: 10894  Bestf: 1.21852e-10      CPUTime: 13.250000    Var: 1.32355e-08 
Iteration: 55 NFunEvals: 11084  Bestf: 1.21852e-10      CPUTime: 13.400000    Var: 2.79822e-10 
Iteration: 56 NFunEvals: 11273  Bestf: 1.21852e-10      CPUTime: 13.540000    Var: 5.32301e-12 
Iteration: 57 NFunEvals: 11463  Bestf: 1.21852e-10      CPUTime: 13.680000    Var: 1.34722e-12 
Iteration: 58 NFunEvals: 11652  Bestf: 1.21852e-10      CPUTime: 13.820000    Var: 1.39677e-12 
Iteration: 59 NFunEvals: 11840  Bestf: 1.21852e-10      CPUTime: 13.960000    Var: 1.06973e-12 
Iteration: 60 NFunEvals: 12031  Bestf: 1.21852e-10      CPUTime: 14.100000    Var: 8.14259e-13 
Iteration: 61 NFunEvals: 12217  Bestf: 1.21852e-10      CPUTime: 14.280000    Var: 7.74737e-13 
Call local solver: NL2SOL 
Initial point function value: 0.000953 

------------------------------------------------------------------
 This is dn2fb_ (NL2SNO v2.3)
 Authors: John Dennis, David Gay, Roy Welsch
 MEX Interface J. Currie 2012

 Problem Properties:
 # Decision Variables:       15
 # Data Points:              80
------------------------------------------------------------------

 *** SUCCESSFUL TERMINATION ***
 *** absolute function convergence ***
------------------------------------------------------------------

NL2SOL ended after 1 iteration and 34 function evaluation:
       Results: NL2SOL exited
Local solution function value: 7.60167e-08 
Number of function evaluations in the local search: 36 
CPU Time of the local search: 0.027686  seconds 

Iteration: 62 NFunEvals: 12443  Bestf: 1.21852e-10      CPUTime: 14.500000    Var: 0.107474 
Iteration: 63 NFunEvals: 12631  Bestf: 1.21852e-10      CPUTime: 14.640000    Var: 0.132923 
Iteration: 64 NFunEvals: 12822  Bestf: 1.21852e-10      CPUTime: 14.790000    Var: 0.00675723 
Iteration: 65 NFunEvals: 13014  Bestf: 1.21852e-10      CPUTime: 14.930000    Var: 0.000249978 
Iteration: 66 NFunEvals: 13207  Bestf: 1.21852e-10      CPUTime: 15.070000    Var: 1.79147e-05 
Iteration: 67 NFunEvals: 13401  Bestf: 1.21852e-10      CPUTime: 15.210000    Var: 1.87982e-07 
Iteration: 68 NFunEvals: 13598  Bestf: 1.21852e-10      CPUTime: 15.360000    Var: 0.0598143 
Iteration: 69 NFunEvals: 13794  Bestf: 1.21852e-10      CPUTime: 15.620000    Var: 0.00130209 
Iteration: 70 NFunEvals: 13993  Bestf: 1.21852e-10      CPUTime: 15.770000    Var: 6.9579e-05 
Iteration: 71 NFunEvals: 14191  Bestf: 1.21852e-10      CPUTime: 15.920000    Var: 0.00485619 
Call local solver: NL2SOL 
Initial point function value: 0.001451 

------------------------------------------------------------------
 This is dn2fb_ (NL2SNO v2.3)
 Authors: John Dennis, David Gay, Roy Welsch
 MEX Interface J. Currie 2012

 Problem Properties:
 # Decision Variables:       15
 # Data Points:              80
------------------------------------------------------------------

 *** SUCCESSFUL TERMINATION ***
 *** absolute function convergence ***
------------------------------------------------------------------

NL2SOL ended after 5 iteration and 99 function evaluation:
       Results: NL2SOL exited
Local solution function value: 1.81178e-06 
Number of function evaluations in the local search: 101 
CPU Time of the local search: 0.073850  seconds 

Iteration: 72 NFunEvals: 14493  Bestf: 1.21852e-10      CPUTime: 16.140000    Var: 0.00977448 
Iteration: 73 NFunEvals: 14689  Bestf: 1.21852e-10      CPUTime: 16.280000    Var: 4.45441e-05 
Iteration: 74 NFunEvals: 14884  Bestf: 1.21852e-10      CPUTime: 16.420000    Var: 3.6571e-06 
Iteration: 75 NFunEvals: 15078  Bestf: 1.21852e-10      CPUTime: 16.560000    Var: 2.23025e-08 
Iteration: 76 NFunEvals: 15276  Bestf: 1.21852e-10      CPUTime: 16.710000    Var: 0.0189276 
Iteration: 77 NFunEvals: 15465  Bestf: 1.21852e-10      CPUTime: 16.850000    Var: 0.000224971 
Iteration: 78 NFunEvals: 15658  Bestf: 1.21852e-10      CPUTime: 17.000000    Var: 2.82141e-06 
Iteration: 79 NFunEvals: 15860  Bestf: 1.21852e-10      CPUTime: 17.140000    Var: 1.92301e-08 
Iteration: 80 NFunEvals: 16056  Bestf: 1.21852e-10      CPUTime: 17.290000    Var: 0.0420871 
Iteration: 81 NFunEvals: 16253  Bestf: 1.21852e-10      CPUTime: 17.430000    Var: 0.00144441 
Call local solver: NL2SOL 
Initial point function value: 0.003436 

------------------------------------------------------------------
 This is dn2fb_ (NL2SNO v2.3)
 Authors: John Dennis, David Gay, Roy Welsch
 MEX Interface J. Currie 2012

 Problem Properties:
 # Decision Variables:       15
 # Data Points:              80
------------------------------------------------------------------

 *** SUCCESSFUL TERMINATION ***
 *** absolute function convergence ***
------------------------------------------------------------------

NL2SOL ended after 3 iteration and 67 function evaluation:
       Results: NL2SOL exited
Local solution function value: 5.13868e-07 
Number of function evaluations in the local search: 69 
CPU Time of the local search: 0.051271  seconds 

Iteration: 82 NFunEvals: 16518  Bestf: 1.21852e-10      CPUTime: 17.630000    Var: 0.0994339 
Iteration: 83 NFunEvals: 16709  Bestf: 1.21852e-10      CPUTime: 17.770000    Var: 0.000850356 
Iteration: 84 NFunEvals: 16904  Bestf: 1.21852e-10      CPUTime: 17.900000    Var: 2.40052e-06 
Iteration: 85 NFunEvals: 17098  Bestf: 1.21852e-10      CPUTime: 18.050000    Var: 0.0204125 
Iteration: 86 NFunEvals: 17298  Bestf: 1.21852e-10      CPUTime: 18.190000    Var: 0.004559 
Iteration: 87 NFunEvals: 17489  Bestf: 1.21852e-10      CPUTime: 18.330000    Var: 3.93653e-05 
Iteration: 88 NFunEvals: 17681  Bestf: 1.21852e-10      CPUTime: 18.470000    Var: 3.88728e-07 
Iteration: 89 NFunEvals: 17872  Bestf: 1.21852e-10      CPUTime: 18.610000    Var: 8.35493e-09 
Iteration: 90 NFunEvals: 18068  Bestf: 1.21852e-10      CPUTime: 18.750000    Var: 0.0293812 
Iteration: 91 NFunEvals: 18261  Bestf: 1.21852e-10      CPUTime: 18.890000    Var: 0.000114367 
Call local solver: NL2SOL 
Initial point function value: 0.000679 

------------------------------------------------------------------
 This is dn2fb_ (NL2SNO v2.3)
 Authors: John Dennis, David Gay, Roy Welsch
 MEX Interface J. Currie 2012

 Problem Properties:
 # Decision Variables:       15
 # Data Points:              80
------------------------------------------------------------------

 *** SUCCESSFUL TERMINATION ***
 *** absolute function convergence ***
------------------------------------------------------------------

NL2SOL ended after 2 iteration and 50 function evaluation:
       Results: NL2SOL exited
Local solution function value: 1.59775e-06 
Number of function evaluations in the local search: 52 
CPU Time of the local search: 0.038785  seconds 

Iteration: 92 NFunEvals: 18507  Bestf: 1.21852e-10      CPUTime: 19.080000    Var: 1.00319e-06 
Iteration: 93 NFunEvals: 18699  Bestf: 1.21852e-10      CPUTime: 19.220000    Var: 0.00572073 
Iteration: 94 NFunEvals: 18895  Bestf: 1.21852e-10      CPUTime: 19.370000    Var: 0.250818 
Iteration: 95 NFunEvals: 19091  Bestf: 1.21852e-10      CPUTime: 19.510000    Var: 0.00508669 
Iteration: 96 NFunEvals: 19286  Bestf: 1.21852e-10      CPUTime: 19.660000    Var: 7.13404e-05 
Iteration: 97 NFunEvals: 19487  Bestf: 1.21852e-10      CPUTime: 19.810000    Var: 0.138139 
Iteration: 98 NFunEvals: 19679  Bestf: 1.21852e-10      CPUTime: 19.950000    Var: 0.00110379 
Iteration: 99 NFunEvals: 19874  Bestf: 1.21852e-10      CPUTime: 20.090000    Var: 8.00787e-06 
Iteration: 100 NFunEvals: 20067  Bestf: 1.21852e-10      CPUTime: 20.230000    Var: 1.71834e-07 

Final local refinement with: NL2SOL 
Initial point function value: 0.000000 

------------------------------------------------------------------
 This is dn2fb_ (NL2SNO v2.3)
 Authors: John Dennis, David Gay, Roy Welsch
 MEX Interface J. Currie 2012

 Problem Properties:
 # Decision Variables:       15
 # Data Points:              80
------------------------------------------------------------------

 *** SUCCESSFUL TERMINATION ***
 *** absolute function convergence ***
------------------------------------------------------------------

NL2SOL ended after 2 iteration and 34 function evaluation:
       Results: NL2SOL exited
Local solution function value: 0.000000 
Number of function evaluations in the local search: 36 
CPU Time of the local search: 0.028361  seconds 

Maximum number of function evaluations achieved
Best solution value		5.18376e-11
Decision vector
	0.042717
	0.0001
	1
	0.318628
	0.0569882
	0.48109
	0.268212
	0.683895
	0.825036
	0.903945
	0.166999
	0.80476
	0.0282419
	0.667
	0.833001
CPU time		20.28
Number of function evaluations		20104
Execution of script mklJac as a function is not supported:
/home/soogo/ParameterEstimation.jl/benchmarks/matlab/src/AMIGO2_R2019b/Kernel/numericalDifferentiation/mklJac.m


------> Computing Correlation Matrix for unknowns...

---------------------------------------------------
Local sensitivity problem related active settings
---------------------------------------------------
senssolver: cvodes
ivp_RelTol: 1e-12
ivp_AbsTol: 1e-12
sens_RelTol: ~1e-12
sensmex: cvodesg_problem
MaxStepSize: Inf
MaxNumberOfSteps: 1e+06
sens_RelTol: ~1e-12

----------------------------------------------------------
------> WARNING message
		The Fisher Information Matrix is nearly singular.
----------------------------------------------------------



--------------------------------------------------------------------------
		
Experiment 1: 
		inputs.exp_data{1}=[
		0.667  0.833  0.167  0.833
		0.634955  0.799195  0.16899  0.821531
		0.604521  0.766649  0.170962  0.810217
		0.57561  0.735325  0.172917  0.799057
		0.548144  0.705184  0.174856  0.788049
		0.522045  0.676189  0.176778  0.777191
		0.497241  0.648304  0.178685  0.766483
		0.473666  0.621492  0.180576  0.755922
		0.451254  0.595719  0.182452  0.745506
		0.429946  0.570949  0.184314  0.735235
		0.409683  0.547148  0.186162  0.725106
		0.390413  0.524282  0.187996  0.715118
		0.372084  0.50232  0.189817  0.705269
		0.354648  0.48123  0.191624  0.695558
		0.33806  0.46098  0.193419  0.685982
		0.322275  0.441541  0.195202  0.676541
		0.307254  0.422882  0.196972  0.667232
		0.292957  0.404976  0.19873  0.658055
		0.279349  0.387795  0.200477  0.649007
		0.266394  0.371311  0.202212  0.640087
		];



---------------------------------------------------------------------------------------------
>>>>    Mean / Maximum value of the residuals in percentage (100*(data-model)/data):

		Experiment 1 : 
		 Observable 1 -->  mean error: 0.000042 %	 max error: 0.000153 %
		 Observable 2 -->  mean error: 0.000100 %	 max error: 0.000296 %
		 Observable 3 -->  mean error: 0.000503 %	 max error: 0.001333 %
		 Observable 4 -->  mean error: 0.000116 %	 max error: 0.000310 %

--------------------------------------------------------------------------

--------------------------------------------------------------------
>>>>    Maximum absolute value of the residuals (data-model):

		Experiment 1 : 
		 Observable 1 -->  max residual: 0.000000 max data: 0.667000
		 Observable 2 -->  max residual: 0.000001 max data: 0.833000
		 Observable 3 -->  max residual: 0.000003 max data: 0.202212
		 Observable 4 -->  max residual: 0.000002 max data: 0.833000

--------------------------------------------------------------------------	   

>>>> Best objective function: 0.000000 
	   

>>>> Computational cost: 20.280000 s
> 100.00% of successful simulationn
> 100.00% of successful sensitivity calculations


>>> Best values found and the corresponding asymptotic confidence intervals



>>> Estimated global parameters: 

	lm   : 4.2717e-02  +-  4.1065e-03 (    9.61%); 
	d    : 1.0000e-04  +-  1.3273e-02 (1.33e+04%); (bound active) 
	beta : 1.0000e+00  +-  9.2387e-02 (    9.24%); (bound active) 
	a    : 3.1863e-01  +-  5.3041e-03 (    1.66%); 
	k    : 5.6988e-02  +-  6.1413e-03 (    10.8%); 
	uu   : 4.8109e-01  +-  1.5830e-02 (    3.29%); 
	c    : 2.6821e-01  +-  4.9487e-03 (    1.85%); 
	q    : 6.8389e-01  +-  7.4936e-03 (     1.1%); 
	b    : 8.2504e-01  +-  1.2030e-03 (   0.146%); 
	h    : 9.0394e-01  +-  9.0742e-04 (     0.1%); 


>>> Estimated global initial conditions: 

	x  : 1.6700e-01  +-  1.2206e-06 (0.000731%); 
	yy : 8.0476e-01  +-  1.3475e-02 (    1.67%); 
	vv : 2.8242e-02  +-  1.3476e-02 (    47.7%); 
	w  : 6.6700e-01  +-  1.2025e-06 ( 0.00018%); 
	z  : 8.3300e-01  +-  1.1706e-06 (0.000141%); 


>>> Correlation matrix for the global unknowns:

	 1.000000e+00	 9.861343e-01	 -5.972724e-01	 5.898416e-01	 6.949455e-01	 -3.801637e-02	 8.857150e-01	 -1.055385e-01	 1.302642e-01	 -1.332107e-01	 -3.132110e-01	 -9.663141e-01	 9.663211e-01	 1.207955e-01	 -1.203245e-01
	 9.861343e-01	 1.000000e+00	 -5.485803e-01	 4.979623e-01	 6.074407e-01	 -3.107725e-03	 8.357294e-01	 -3.352915e-02	 4.311144e-02	 -4.468769e-02	 -2.602671e-01	 -9.183478e-01	 9.183604e-01	 7.079356e-02	 -7.860581e-02
	 -5.972724e-01	 -5.485803e-01	 1.000000e+00	 -9.569294e-01	 -9.456210e-01	 8.200737e-01	 -7.391928e-01	 6.974119e-01	 -8.383428e-01	 8.494988e-01	 -5.163865e-02	 7.433727e-01	 -7.433698e-01	 -4.029961e-01	 3.071083e-01
	 5.898416e-01	 4.979623e-01	 -9.569294e-01	 1.000000e+00	 9.901769e-01	 -7.432175e-01	 7.647940e-01	 -7.148565e-01	 8.606263e-01	 -8.725459e-01	 -8.384848e-02	 -7.703004e-01	 7.702884e-01	 4.327807e-01	 -3.384058e-01
	 6.949455e-01	 6.074407e-01	 -9.456210e-01	 9.901769e-01	 1.000000e+00	 -6.560713e-01	 8.325249e-01	 -6.514068e-01	 7.849171e-01	 -7.960300e-01	 -1.399611e-01	 -8.515885e-01	 8.515782e-01	 4.060433e-01	 -3.227508e-01
	 -3.801637e-02	 -3.107725e-03	 8.200737e-01	 -7.432175e-01	 -6.560713e-01	 1.000000e+00	 -2.788090e-01	 7.711269e-01	 -9.241383e-01	 9.354314e-01	 -3.220677e-01	 2.276091e-01	 -2.276048e-01	 -3.974370e-01	 2.803161e-01
	 8.857150e-01	 8.357294e-01	 -7.391928e-01	 7.647940e-01	 8.325249e-01	 -2.788090e-01	 1.000000e+00	 -5.304864e-01	 4.571652e-01	 -3.986001e-01	 -2.632184e-01	 -9.338309e-01	 9.338298e-01	 8.748878e-02	 -3.353597e-01
	 -1.055385e-01	 -3.352915e-02	 6.974119e-01	 -7.148565e-01	 -6.514068e-01	 7.711269e-01	 -5.304864e-01	 1.000000e+00	 -9.029025e-01	 8.077787e-01	 -1.126734e-01	 2.954910e-01	 -2.954784e-01	 -1.120804e-01	 4.682643e-01
	 1.302642e-01	 4.311144e-02	 -8.383428e-01	 8.606263e-01	 7.849171e-01	 -9.241383e-01	 4.571652e-01	 -9.029025e-01	 1.000000e+00	 -9.827274e-01	 1.349352e-01	 -3.586163e-01	 3.586011e-01	 3.672810e-01	 -3.735719e-01
	 -1.332107e-01	 -4.468769e-02	 8.494988e-01	 -8.725459e-01	 -7.960300e-01	 9.354314e-01	 -3.986001e-01	 8.077787e-01	 -9.827274e-01	 1.000000e+00	 -1.365415e-01	 3.646061e-01	 -3.645906e-01	 -4.537625e-01	 3.120509e-01
	 -3.132110e-01	 -2.602671e-01	 -5.163865e-02	 -8.384848e-02	 -1.399611e-01	 -3.220677e-01	 -2.632184e-01	 -1.126734e-01	 1.349352e-01	 -1.365415e-01	 1.000000e+00	 3.009003e-01	 -3.008906e-01	 6.332636e-03	 1.929910e-02
	 -9.663141e-01	 -9.183478e-01	 7.433727e-01	 -7.703004e-01	 -8.515885e-01	 2.276091e-01	 -9.338309e-01	 2.954910e-01	 -3.586163e-01	 3.646061e-01	 3.009003e-01	 1.000000e+00	 -1.000000e+00	 -2.287665e-01	 2.014286e-01
	 9.663211e-01	 9.183604e-01	 -7.433698e-01	 7.702884e-01	 8.515782e-01	 -2.276048e-01	 9.338298e-01	 -2.954784e-01	 3.586011e-01	 -3.645906e-01	 -3.008906e-01	 -1.000000e+00	 1.000000e+00	 2.287580e-01	 -2.014216e-01
	 1.207955e-01	 7.079356e-02	 -4.029961e-01	 4.327807e-01	 4.060433e-01	 -3.974370e-01	 8.748878e-02	 -1.120804e-01	 3.672810e-01	 -4.537625e-01	 6.332636e-03	 -2.287665e-01	 2.287580e-01	 1.000000e+00	 -1.843993e-01
	 -1.203245e-01	 -7.860581e-02	 3.071083e-01	 -3.384058e-01	 -3.227508e-01	 2.803161e-01	 -3.353597e-01	 4.682643e-01	 -3.735719e-01	 3.120509e-01	 1.929910e-02	 2.014286e-01	 -2.014216e-01	 -1.843993e-01	 1.000000e+00


------>Plotting results....



------>Results (report and struct_results.mat) and plots were kept in the directory:

		/home/soogo/ParameterEstimation.jl/benchmarks/matlab/src/AMIGO2_R2019b/Results/Problem/PE_problem_eSS_run1

		Click <a href="matlab: cd('/home/soogo/ParameterEstimation.jl/benchmarks/matlab/src/AMIGO2_R2019b/Results/Problem/PE_problem_eSS_run1')">here</a> to go to the results folder or <a href="matlab: load('/home/soogo/ParameterEstimation.jl/benchmarks/matlab/src/AMIGO2_R2019b/Results/Problem/PE_problem_eSS_run1/strreport_problem_run1.mat')">here</a> to load the results.
[?1l>

CPU time: 7.46+100.93 sec	Max. resident set size: 1418212 KB	 Elapsed: 75.98 sec.
